
Mon Jan 15 13:53:58 2018

N = 100000
u = 0.003, v = 1e-06
initialTE = 50
propAffectW = 1
a = 0.00051, b = 0.00039
chrom# = 16, ploidy# = haploid

GEN	n	Vn	x	Vx	empty	fixed	min#	minFreq
0	50	0	0.00625	0.00621171	0.99375	0.00625	50	1
90	56.0506	6.54751	0.00700633	0.00619882	0	0.00225	49	0.00013
180	56.4585	7.97634	0.00705731	0.00612251	0	0.003125	49	4e-05
270	56.3936	7.24956	0.0070492	0.00608755	0	0.0035	50	0.00134
360	57.3413	7.1747	0.00716766	0.00611275	0	0.00275	50	0.00029
450	57.6881	7.41451	0.00721101	0.00614613	0	0.002625	51	0.00176
540	58.4225	7.01509	0.00730282	0.00620016	0	0.002	51	0.00047
630	58.3033	7.63705	0.00728791	0.00624575	0	0.00275	51	0.00164
720	58.2619	7.46486	0.00728274	0.00630787	0	0.002875	51	0.00058
810	58.0539	7.23127	0.00725674	0.0063228	0	0.0025	51	0.00019
900	58.8046	7.03292	0.00735058	0.00632285	0	0.002375	52	0.00126
990	58.915	7.73193	0.00736438	0.00633027	0	0.002375	52	0.0023

Mon Jan 15 15:18:37 2018

N = 100000
u = 0.003, v = 1e-06
initialTE = 50
propAffectW = 1
a = 0.00051, b = 0.00039
chrom# = 16, ploidy# = haploid

GEN	n	Vn	x	Vx	empty	fixed	min#	minFreq
0	50	0	0.00625	0.00621171	0.99375	0.00625	50	1
90	56.0755	6.82644	0.00700944	0.00619524	0	0.002875	49	0.00072
180	56.5353	7.19735	0.00706691	0.00609717	0	0.00225	49	0.00036
270	56.1626	7.41301	0.00702032	0.00606697	0	0.0025	49	0.00056
360	55.9196	7.77563	0.00698995	0.00607053	0	0.0035	49	0.00277
450	55.4613	7.30851	0.00693266	0.00606797	0	0.0025	49	0.00278
540	55.822	7.73296	0.00697776	0.00607164	0	0.002125	49	0.00308
630	55.7928	7.57392	0.0069741	0.00606703	0	0.00325	48	0.00016
720	56.1996	7.27951	0.00702495	0.00600234	0	0.00275	50	0.00582
810	56.666	6.84414	0.00708326	0.00603007	0	0.002125	50	0.00077
900	57.0907	7.62594	0.00713634	0.00602403	0	0.002375	50	0.00118
990	56.9631	7.7969	0.00712038	0.00603098	0	0.002625	50	0.00113

Mon Jan 15 16:18:14 2018

N = 100000
u = 0.003, v = 1e-06
initialTE = 50
propAffectW = 1
a = 0.00051, b = 0.00039
chrom# = 16, ploidy# = haploid

GEN	n	Vn	x	Vx	empty	fixed	min#	minFreq
0	50	0	0.00625	0.00621171	0.99375	0.00625	50	1
90	56.0381	6.78576	0.00700477	0.0061997	0	0.0025	50	0.00523
180	56.8259	7.26153	0.00710323	0.00619455	0	0.00175	50	0.00079
270	57.3656	7.69524	0.0071707	0.00619715	0	0.002125	50	0.00125
360	57.0097	7.36288	0.00712621	0.00614839	0	0.002375	50	0.00134
450	57.1426	8.05022	0.00714282	0.00614323	0	0.0035	50	0.00163
540	56.8906	7.43172	0.00711132	0.00618747	0	0.0025	50	0.00048
630	57.5866	7.48225	0.00719833	0.00619833	0	0.00225	50	0.0005
720	57.5071	7.16804	0.00718839	0.00620432	0	0.003125	51	0.002
810	57.924	7.30628	0.0072405	0.00622617	0	0.003625	51	0.00067
900	58.7206	7.23538	0.00734008	0.00625654	0	0.002875	52	0.002
990	58.9492	7.66591	0.00736865	0.0062907	0	0.00275	52	0.00145

Mon Jan 15 17:37:44 2018

N = 100000
u = 0.003, v = 1e-06
initialTE = 50
propAffectW = 1
a = 0.00051, b = 0.00039
chrom# = 16, ploidy# = haploid

GEN	n	Vn	x	Vx	empty	fixed	min#	minFreq
0	50	0	0.006125	0.00608825	0.993875	0.006125	50	1
90	56.2357	6.55181	0.00690446	0.00607747	0	0.002375	50	0.0019
180	57.444	7.34206	0.00705551	0.00607747	0	0.00225	50	0.00014
270	57.6905	7.62711	0.00708631	0.00607118	0	0.002875	51	0.00272
360	57.8133	7.29349	0.00710167	0.00604783	0	0.002375	51	0.00084
450	58.3423	7.56428	0.00716779	0.006048	0	0.0025	51	0.00092
540	57.8889	7.38454	0.00711111	0.00611243	0	0.001875	51	0.00139
630	57.8706	7.08453	0.00710882	0.00619414	0	0.002375	51	0.00079
720	58.1843	7.61894	0.00714806	0.00619615	0	0.00275	51	0.00153
810	57.9234	7.83132	0.00711543	0.00619717	0	0.003625	51	0.00142
900	58.4919	7.14385	0.00718649	0.00620135	0	0.002875	51	0.00035
990	58.4879	7.35733	0.00718599	0.00621241	0	0.002875	52	0.00188

Mon Jan 15 19:11:39 2018

N = 100000
u = 0.003, v = 1e-06
initialTE = 50
propAffectW = 1
a = 0.00051, b = 0.00039
chrom# = 16, ploidy# = haploid

GEN	n	Vn	x	Vx	empty	fixed	min#	minFreq
0	50	0	0.00625	0.00621171	0.99375	0.00625	50	1
90	56.2925	6.74609	0.00703656	0.00620052	0	0.0035	50	0.00345
180	56.8398	7.27355	0.00710498	0.00619494	0	0.002	50	0.0007
270	57.657	7.01585	0.00720712	0.00616328	0	0.002375	51	0.00076
360	58.3384	7.51725	0.0072923	0.0061561	0	0.00375	52	0.00382
450	58.7135	7.50943	0.00733919	0.0061846	0	0.002875	52	0.00171
540	58.7931	7.22514	0.00734913	0.00627507	0	0.003	52	0.00104
630	59.4693	7.35847	0.00743366	0.00630915	0	0.00275	52	0.00022
720	59.9214	7.36405	0.00749018	0.00631086	0	0.002375	52	0.00012
810	59.4509	8.25255	0.00743136	0.00632501	0	0.002375	52	0.001
900	59.0563	7.09017	0.00738203	0.00644292	0	0.0025	52	0.00105
990	58.7325	7.93849	0.00734157	0.00644827	0	0.002875	52	0.00201

Mon Jan 15 20:26:21 2018

N = 100000
u = 0.003, v = 1e-06
initialTE = 50
propAffectW = 1
a = 0.00051, b = 0.00039
chrom# = 16, ploidy# = haploid

GEN	n	Vn	x	Vx	empty	fixed	min#	minFreq
0	50	0	0.00625	0.00621171	0.99375	0.00625	50	1
90	56.0792	6.72181	0.0070099	0.0061975	0	0.00225	50	0.00303
180	56.9044	7.36283	0.00711305	0.00616441	0	0.0025	50	0.00103
270	57.1763	7.77314	0.00714704	0.00617236	0	0.003125	50	0.00096
360	57.5554	6.9116	0.00719442	0.00619803	0	0.002625	51	0.00297
450	57.4789	7.37663	0.00718486	0.00621063	0.000125	0.00225	51	0.0026
540	57.7822	7.24251	0.00722278	0.00622458	0	0.00275	51	0.00102
630	57.6812	7.57709	0.00721015	0.00623021	0	0.0035	50	3e-05
720	58.0828	7.3223	0.00726035	0.00623391	0	0.003	51	0.00045
810	58.0634	7.02864	0.00725792	0.00622447	0	0.003	51	0.0003
900	59.0896	7.46682	0.0073862	0.00626321	0	0.002625	52	0.00035
990	59.5516	7.35938	0.00744395	0.00631636	0	0.00225	53	0.0029

Mon Jan 15 21:18:21 2018

N = 100000
u = 0.003, v = 1e-06
initialTE = 50
propAffectW = 1
a = 0.00051, b = 0.00039
chrom# = 16, ploidy# = haploid

GEN	n	Vn	x	Vx	empty	fixed	min#	minFreq
0	50	0	0.00625	0.00621171	0.99375	0.00625	50	1
90	56.1338	6.62105	0.00701673	0.0061992	0	0.0025	50	0.00223
180	56.9697	8.21055	0.00712121	0.00619723	0	0.00225	50	0.00368
270	56.7922	7.15585	0.00709902	0.006198	0	0.002875	50	0.00108
360	57.6079	7.29823	0.00720099	0.00620088	0	0.002375	51	0.00131
450	57.8396	7.85766	0.00722995	0.00621911	0	0.003	51	0.00178
540	57.9172	6.98481	0.00723965	0.00624889	0	0.003	51	0.00041
630	58.9302	6.96433	0.00736627	0.00624743	0	0.002875	52	0.00091
720	59.1179	7.68415	0.00738973	0.00633643	0	0.002375	52	0.00041
810	59.5129	7.57369	0.00743911	0.00638586	0	0.002375	53	0.00311
900	59.9669	7.67092	0.00749586	0.00642371	0	0.002625	52	4e-05
990	59.9314	7.48909	0.00749143	0.00642353	0	0.002375	53	0.00207

Mon Jan 15 22:45:50 2018

N = 100000
u = 0.003, v = 1e-06
initialTE = 50
propAffectW = 1
a = 0.00051, b = 0.00039
chrom# = 16, ploidy# = haploid

GEN	n	Vn	x	Vx	empty	fixed	min#	minFreq
0	50	0	0.006125	0.00608825	0.993875	0.006125	50	1
90	56.1533	6.67367	0.00689417	0.00607667	0	0.0025	50	0.00233
180	56.9336	7.23782	0.0069917	0.00607621	0	0.00275	50	0.00088
270	57.3532	7.48751	0.00704415	0.00607505	0	0.00275	50	0.00094
360	56.9785	7.96037	0.00699732	0.00607883	0	0.004	50	0.00187
450	57.0389	7.00923	0.00700487	0.00607567	0	0.0025	50	9e-05
540	57.6514	7.33335	0.00708143	0.00607514	0	0.00325	51	0.00307
630	57.6958	7.21087	0.00708697	0.00607564	0	0.00225	51	0.00093
720	58.3012	7.51012	0.00716266	0.0060897	0	0.003	51	0.0001
810	58.5406	7.85145	0.00719258	0.00616079	0	0.002625	52	0.00342
900	58.8764	7.28059	0.00723455	0.00623701	0.000125	0.002	52	0.00183
990	58.6962	7.30756	0.00721204	0.00626738	0	0.002375	52	0.0018

Tue Jan 16 00:16:24 2018

N = 100000
u = 0.003, v = 1e-06
initialTE = 50
propAffectW = 1
a = 0.00051, b = 0.00039
chrom# = 16, ploidy# = haploid

GEN	n	Vn	x	Vx	empty	fixed	min#	minFreq
0	50	0	0.00625	0.00621171	0.99375	0.00625	50	1
90	56.1749	6.81591	0.00702186	0.00619673	0	0.00275	50	0.0032
180	56.977	7.42612	0.00712213	0.00619495	0	0.002625	50	0.00218
270	57.0481	6.97988	0.00713102	0.00615304	0.000125	0.002625	50	0.00044
360	57.4267	7.65221	0.00717834	0.00613956	0	0.002375	50	0.00051
450	57.4696	7.64545	0.0071837	0.00614172	0	0.00225	50	0.0002
540	57.3576	7.1188	0.00716969	0.00619269	0	0.002875	50	0.0001
630	57.7133	7.41533	0.00721416	0.00618967	0	0.003	51	0.00135
720	58.0124	7.44316	0.00725154	0.00621237	0	0.002875	51	0.00111
810	58.7172	7.7305	0.00733966	0.00625733	0	0.00275	51	0.00025
900	58.2084	8.00991	0.00727605	0.00628081	0	0.002625	51	0.00128
990	58.1075	7.87428	0.00726344	0.0063223	0	0.002625	51	0.00185

Tue Jan 16 01:16:34 2018

N = 100000
u = 0.003, v = 1e-06
initialTE = 50
propAffectW = 1
a = 0.00051, b = 0.00039
chrom# = 16, ploidy# = haploid

GEN	n	Vn	x	Vx	empty	fixed	min#	minFreq
0	50	0	0.00625	0.00621171	0.99375	0.00625	50	1
90	56.2924	6.42744	0.00703655	0.00619798	0	0.002625	49	3e-05
180	56.8279	7.17417	0.00710348	0.00617001	0	0.003	50	0.00078
270	56.9486	7.87478	0.00711858	0.00617694	0	0.002375	49	7e-05
360	57.1866	7.5042	0.00714832	0.00614309	0	0.002375	50	0.00051
450	57.1749	7.17132	0.00714687	0.00614443	0	0.002625	51	0.00346
540	57.693	7.12788	0.00721163	0.00616797	0	0.002375	51	0.00067
630	58.1804	7.46479	0.00727255	0.00619413	0	0.002625	51	0.00041
720	58.3808	7.44953	0.0072976	0.00626167	0	0.00225	51	0.00032
810	58.471	7.36281	0.00730887	0.00631138	0	0.0025	51	7e-05
900	58.6677	7.86972	0.00733346	0.0063204	0	0.002875	51	0.0007
990	57.7955	7.61197	0.00722443	0.0063241	0	0.003	51	0.00212
