
Fri Jan 12 10:35:05 2018

N = 100000
u = 0.0005, v = 1e-06
initialTE = 50
propAffectW = 1
a = 0.00051, b = 0.00039
chrom# = 16, ploidy# = haploid

GEN	n	Vn	x	Vx	empty	fixed	min#	minFreq
0	50	0	0.00625	0.00621171	0.99375	0.00625	50	1
90	51.0194	1.05869	0.00637743	0.00620705	0.1725	0.002625	49	0.00442
180	51.0886	1.25971	0.00638607	0.0061867	0.16475	0.002	48	0.00053
270	50.7759	1.65271	0.00634699	0.00609554	0.159125	0.001875	47	0.00106
360	49.6476	2.21587	0.00620595	0.00584544	0.174625	0.0015	45	0.00041
450	47.9849	2.46577	0.00599812	0.00554137	0.189125	0.000875	43	0.00033
540	45.9592	2.75109	0.0057449	0.00524492	0.207375	0.001	40	6e-05
630	43.2773	3.31596	0.00540966	0.00490097	0.2255	0.00125	37	1e-05
720	40.8026	2.61832	0.00510032	0.00467055	0.223	0.000875	36	8e-05
810	39.2517	2.05676	0.00490646	0.00456026	0.22825	0.001	35	5e-05
900	38.3993	1.7373	0.00479992	0.00450269	0.237125	0.00175	34	1e-05
990	37.7595	1.78802	0.00471994	0.00441844	0.24125	0.001125	33	6e-05

Fri Jan 12 11:20:24 2018

N = 100000
u = 0.0005, v = 1e-06
initialTE = 50
propAffectW = 1
a = 0.00051, b = 0.00039
chrom# = 16, ploidy# = haploid

GEN	n	Vn	x	Vx	empty	fixed	min#	minFreq
0	50	0	0.00625	0.00621171	0.99375	0.00625	50	1
90	51.016	1.0512	0.006377	0.0062047	0.18325	0.002125	48	2e-05
180	51.1075	1.39482	0.00638844	0.00617244	0.166625	0.00175	47	1e-05
270	50.3508	1.94358	0.00629385	0.00600966	0.173125	0.00075	45	2e-05
360	48.1687	3.03386	0.00602108	0.00561007	0.195875	0.001375	42	2e-05
450	45.1632	2.46407	0.0056454	0.00526818	0.21	0.001125	40	5e-05
540	43.5696	2.4044	0.0054462	0.00503562	0.207375	0.000875	38	4e-05
630	41.6275	2.68286	0.00520343	0.00472242	0.21725	0.000625	36	0.00012
720	39.444	3.00656	0.0049305	0.0043832	0.2345	0.000875	34	0.00047
810	37.2563	2.77242	0.00465704	0.00408485	0.261625	0.001125	31	6e-05
900	35.0844	3.2725	0.00438555	0.00376576	0.260375	0.00075	29	5e-05
990	32.9602	2.7789	0.00412003	0.00354259	0.27625	0.00075	28	0.00022

Fri Jan 12 12:05:16 2018

N = 100000
u = 0.0005, v = 1e-06
initialTE = 50
propAffectW = 1
a = 0.00051, b = 0.00039
chrom# = 16, ploidy# = haploid

GEN	n	Vn	x	Vx	empty	fixed	min#	minFreq
0	50	0	0.00625	0.00621171	0.99375	0.00625	50	1
90	51.0579	1.0709	0.00638223	0.00620719	0.1705	0.002625	48	2e-05
180	51.1035	1.30796	0.00638794	0.00618621	0.164375	0.002125	48	0.00053
270	50.8458	1.57857	0.00635572	0.00611484	0.168125	0.00125	47	0.00094
360	49.8211	2.20036	0.00622764	0.00588424	0.1745	0.000875	45	0.0004
450	47.8411	2.69459	0.00598014	0.00551697	0.1835	0.00125	42	0.0001
540	45.609	3.10021	0.00570112	0.00515567	0.205875	0.000875	39	4e-05
630	42.7644	3.27031	0.00534555	0.00477717	0.2215	0.001	36	3e-05
720	39.4318	3.93638	0.00492897	0.00440696	0.246375	0.000625	33	9e-05
810	36.6775	2.96727	0.00458469	0.00414002	0.252375	0.000625	31	0.00019
900	34.4531	2.88463	0.00430663	0.00387357	0.27475	0.001	29	2e-05
990	32.8766	2.25187	0.00410957	0.00372638	0.26975	0.000875	28	9e-05

Fri Jan 12 13:08:33 2018

N = 100000
u = 0.0005, v = 1e-06
initialTE = 50
propAffectW = 1
a = 0.00051, b = 0.00039
chrom# = 16, ploidy# = haploid

GEN	n	Vn	x	Vx	empty	fixed	min#	minFreq
0	50	0	0.00625	0.00621171	0.99375	0.00625	50	1
90	51.0121	1.04523	0.00637651	0.00620758	0.178375	0.003	48	1e-05
180	51.1715	1.24371	0.00639643	0.00619851	0.1605	0.002	48	0.00014
270	51.0554	1.45605	0.00638192	0.00615597	0.15775	0.002	47	0.00018
360	50.2555	1.97558	0.00628194	0.00598099	0.163625	0.0015	45	2e-05
450	48.4329	2.58259	0.00605412	0.00565183	0.18675	0.000875	43	8e-05
540	46.4993	2.69877	0.00581241	0.00536523	0.186875	0.00075	40	3e-05
630	44.2	2.80352	0.005525	0.00502184	0.202875	0.001625	38	2e-05
720	41.7632	2.84122	0.0052204	0.00472883	0.229375	0.0015	36	2e-05
810	39.4032	2.57796	0.0049254	0.00449	0.23475	0.001	35	2e-05
900	38.3138	1.60047	0.00478922	0.00445041	0.238875	0.001125	35	0.00068
990	37.8715	1.62033	0.00473394	0.00439042	0.233375	0.000875	34	0.00028

Fri Jan 12 13:57:53 2018

N = 100000
u = 0.0005, v = 1e-06
initialTE = 50
propAffectW = 1
a = 0.00051, b = 0.00039
chrom# = 16, ploidy# = haploid

GEN	n	Vn	x	Vx	empty	fixed	min#	minFreq
0	50	0	0.00625	0.00621171	0.99375	0.00625	50	1
90	51.0321	1.05956	0.00637902	0.00620707	0.174125	0.003	48	3e-05
180	51.1871	1.30983	0.00639839	0.00619457	0.15375	0.00175	48	0.00027
270	50.9571	1.56337	0.00636964	0.00613105	0.167625	0.000875	47	0.00026
360	50.1183	2.05095	0.00626479	0.00593819	0.169625	0.001	45	6e-05
450	48.2378	2.6546	0.00602972	0.005582	0.19	0.000875	42	1e-05
540	45.8835	3.07148	0.00573543	0.0052087	0.201125	0.001	39	1e-05
630	43.3162	2.83493	0.00541452	0.00490641	0.206625	0.001625	37	5e-05
720	41.1683	2.91574	0.00514604	0.00464996	0.22225	0.000625	35	0.0001
810	38.4043	3.4682	0.00480054	0.00433313	0.244625	0.000625	33	0.00043
900	36.2523	2.30555	0.00453154	0.00415423	0.256	0.00125	31	4e-05
990	35.0328	2.24659	0.0043791	0.00400691	0.261625	0.00125	30	5e-05

Fri Jan 12 14:59:03 2018

N = 100000
u = 0.0005, v = 1e-06
initialTE = 50
propAffectW = 1
a = 0.00051, b = 0.00039
chrom# = 16, ploidy# = haploid

GEN	n	Vn	x	Vx	empty	fixed	min#	minFreq
0	50	0	0.006125	0.00608825	0.993875	0.006125	50	1
90	45.9513	0.980669	0.00574391	0.00559178	0.221125	0.002125	44	0.00122
180	46.1943	1.22798	0.00577428	0.00558838	0.185375	0.00175	43	2e-05
270	46.1075	1.31092	0.00576343	0.0055688	0.187375	0.00125	42	2e-05
360	45.8008	1.61425	0.0057251	0.00549278	0.18875	0.001125	41	4e-05
450	44.6763	2.45498	0.00558453	0.00524688	0.207	0.001	39	0.00013
540	42.1439	2.83299	0.00526799	0.00485523	0.229875	0.000875	37	0.00024
630	40.1784	2.60159	0.0050223	0.00463511	0.233375	0.001125	34	1e-05
720	38.4105	2.55979	0.00480131	0.00440286	0.23475	0.000875	33	0.00013
810	36.8211	2.53026	0.00460263	0.00419102	0.246375	0.00125	32	0.00027
900	35.3182	2.35865	0.00441477	0.00400863	0.256125	0.0005	30	7e-05
990	33.9568	2.45488	0.0042446	0.00383086	0.2625	0.000625	29	0.0004

Fri Jan 12 15:54:22 2018

N = 100000
u = 0.0005, v = 1e-06
initialTE = 50
propAffectW = 1
a = 0.00051, b = 0.00039
chrom# = 16, ploidy# = haploid

GEN	n	Vn	x	Vx	empty	fixed	min#	minFreq
0	50	0	0.00625	0.00621171	0.99375	0.00625	50	1
90	51.0393	1.08752	0.00637991	0.00620617	0.168375	0.002	48	1e-05
180	51.1136	1.29596	0.00638921	0.00618991	0.169375	0.001875	48	0.00069
270	50.8366	1.57118	0.00635457	0.00610981	0.172375	0.0015	46	3e-05
360	49.5797	2.48292	0.00619746	0.00581971	0.179375	0.000625	43	1e-05
450	46.9136	3.16152	0.0058642	0.00537899	0.202875	0.001125	41	0.0002
540	44.1406	3.14216	0.00551757	0.00504028	0.219875	0.00075	38	6e-05
630	41.6147	3.2486	0.00520183	0.00469557	0.222	0.0005	34	1e-05
720	38.6018	3.88512	0.00482522	0.00426625	0.255375	0.00075	32	0.00025
810	35.4162	3.20763	0.00442703	0.00396371	0.27225	0.001	30	0.00028
900	33.2675	2.69267	0.00415844	0.00377106	0.281	0.001125	27	1e-05
990	31.5764	2.60008	0.00394704	0.00359408	0.293875	0.00075	26	2e-05

Fri Jan 12 16:19:08 2018

N = 100000
u = 0.0005, v = 1e-06
initialTE = 50
propAffectW = 1
a = 0.00051, b = 0.00039
chrom# = 16, ploidy# = haploid

GEN	n	Vn	x	Vx	empty	fixed	min#	minFreq
0	50	0	0.00625	0.00621171	0.99375	0.00625	50	1
90	51.0128	1.0833	0.0063766	0.00620494	0.1735	0.003	49	0.00774
180	51.0306	1.38302	0.00637883	0.00617008	0.166625	0.00225	47	2e-05
270	50.5973	1.67936	0.00632467	0.00606723	0.17	0.00125	46	6e-05
360	49.5362	2.20827	0.00619202	0.00587197	0.170625	0.001875	44	1e-05
450	47.5114	2.45281	0.00593893	0.00558413	0.19225	0.0015	43	0.00051
540	45.7911	2.25052	0.00572388	0.005371	0.197	0.00175	41	0.00015
630	44.4004	2.45552	0.00555005	0.00516991	0.1985	0.001625	39	0.00021
720	42.2296	2.94371	0.0052787	0.00485562	0.22425	0.0015	36	7e-05
810	40.0043	2.66815	0.00500054	0.00459648	0.225375	0.001125	35	0.00018
900	38.3227	2.39232	0.00479034	0.00442181	0.23925	0.000625	32	2e-05
990	36.7067	2.54914	0.00458833	0.00417613	0.25175	0.001	31	1e-05

Fri Jan 12 16:46:39 2018

N = 100000
u = 0.0005, v = 1e-06
initialTE = 50
propAffectW = 1
a = 0.00051, b = 0.00039
chrom# = 16, ploidy# = haploid

GEN	n	Vn	x	Vx	empty	fixed	min#	minFreq
0	50	0	0.00625	0.00621171	0.99375	0.00625	50	1
90	50.986	1.02911	0.00637325	0.0062073	0.180125	0.001875	49	0.00452
180	51.0925	1.29694	0.00638657	0.00618542	0.17	0.0015	48	0.0006
270	50.7824	1.61622	0.00634781	0.00609584	0.168	0.00175	46	1e-05
360	49.8183	2.28414	0.00622729	0.00586999	0.162625	0.00075	44	9e-05
450	47.2107	3.35452	0.00590134	0.00542781	0.20625	0.001125	41	0.0001
540	43.9481	3.04133	0.00549352	0.00509453	0.20625	0.001375	39	0.00046
630	41.9705	2.26061	0.00524631	0.00490059	0.22175	0.00175	37	0.00017
720	40.4609	2.6056	0.00505761	0.00468416	0.220625	0.001	35	3e-05
810	38.7985	2.36971	0.00484981	0.00451115	0.24075	0.00125	34	0.00015
900	37.5643	2.14685	0.00469553	0.00439094	0.236625	0.001	32	1e-05
990	36.5795	2.08575	0.00457243	0.00426012	0.240375	0.001	32	0.00031

Fri Jan 12 17:38:41 2018

N = 100000
u = 0.0005, v = 1e-06
initialTE = 50
propAffectW = 1
a = 0.00051, b = 0.00039
chrom# = 16, ploidy# = haploid

GEN	n	Vn	x	Vx	empty	fixed	min#	minFreq
0	50	0	0.00625	0.00621171	0.99375	0.00625	50	1
90	51.0377	1.04592	0.00637972	0.00620808	0.176875	0.002375	49	0.00212
180	51.1261	1.22844	0.00639077	0.00619715	0.16825	0.001125	48	0.0002
270	50.9928	1.43565	0.00637409	0.00615129	0.165125	0.001125	47	3e-05
360	50.3357	1.90894	0.00629196	0.00599318	0.161625	0.00125	46	0.00036
450	48.8422	2.58155	0.00610527	0.00566444	0.179125	0.00125	43	6e-05
540	46.7154	2.68759	0.00583943	0.00527262	0.19625	0.001375	41	6e-05
630	44.6917	2.75125	0.00558646	0.00493365	0.194	0.00075	39	4e-05
720	42.5647	2.74463	0.00532058	0.00469762	0.206625	0.000625	37	2e-05
810	40.602	2.1256	0.00507525	0.00457853	0.223625	0.00025	36	3e-05
900	39.5598	1.95991	0.00494497	0.0044857	0.224625	0.000625	35	0.0004
990	38.3695	2.27899	0.00479619	0.00432866	0.2335	0.0015	33	1e-05
