
Tue Jan  9 10:32:32 2018

N = 100000
u = 1e-05, v = 1e-06
initialTE = 50
propAffectW = 1
a = 0.00051, b = 0.00039
chrom# = 16, ploidy# = haploid

GEN	n	Vn	x	Vx	empty	fixed	min#	minFreq
0	50	0	0.00625	0.00621171	0.99375	0.00625	50	1
90	50.0106	0.033599	0.00625132	0.00620881	0.959875	0.002875	48	4e-05
180	49.9556	0.0866622	0.00624445	0.0061951	0.96325	0.001625	48	0.00098
270	49.6784	0.350881	0.0062098	0.00612702	0.96125	0.00175	46	8e-05
360	48.5071	1.19196	0.00606339	0.00585792	0.960375	0.001125	44	0.0003
450	46.1722	1.89565	0.00577152	0.00540579	0.959875	0.001	41	0.00016
540	43.3784	2.25501	0.0054223	0.0049798	0.96175	0.001	37	1e-05
630	40.3416	2.23279	0.0050427	0.00461991	0.962625	0.000875	35	6e-05
720	37.9101	1.68841	0.00473877	0.00437089	0.966875	0.000625	33	0.00011
810	36.0546	1.6957	0.00450682	0.00413471	0.966875	0.000375	31	0.00017
900	33.9501	1.81201	0.00424376	0.003845	0.96725	0.0005	29	0.00035
990	31.8137	2.08913	0.00397671	0.00356954	0.970625	0.000875	26	6e-05

Tue Jan  9 11:24:31 2018

N = 100000
u = 1e-05, v = 1e-06
initialTE = 50
propAffectW = 1
a = 0.00051, b = 0.00039
chrom# = 16, ploidy# = haploid

GEN	n	Vn	x	Vx	empty	fixed	min#	minFreq
0	50	0	0.00625	0.00621171	0.99375	0.00625	50	1
90	50.0087	0.0297239	0.00625109	0.00620909	0.963625	0.002125	48	2e-05
180	49.9449	0.106889	0.00624312	0.00619106	0.957125	0.001375	47	2e-05
270	49.6415	0.36381	0.00620519	0.0061174	0.9575	0.001375	46	0.00024
360	48.4624	1.13141	0.0060578	0.00585683	0.9585	0.000875	44	0.00023
450	46.1355	1.71101	0.00576693	0.00545883	0.9645	0.00125	41	1e-05
540	43.6147	1.44818	0.00545184	0.00514622	0.9585	0.000875	38	1e-05
630	41.7423	1.532	0.00521779	0.00494134	0.963125	0.001125	36	7e-05
720	38.9383	1.77485	0.00486729	0.00458503	0.9625	0.001625	34	3e-05
810	37.2022	1.14549	0.00465027	0.00441544	0.967125	0.0015	33	0.00014
900	35.8561	1.10383	0.00448201	0.00425505	0.968	0.001	31	2e-05
990	34.4315	1.21261	0.00430393	0.00405959	0.965625	0.000625	29	1e-05

Tue Jan  9 12:15:58 2018

N = 100000
u = 1e-05, v = 1e-06
initialTE = 50
propAffectW = 1
a = 0.00051, b = 0.00039
chrom# = 16, ploidy# = haploid

GEN	n	Vn	x	Vx	empty	fixed	min#	minFreq
0	50	0	0.006125	0.00608825	0.993875	0.006125	50	1
90	49.0127	0.0243	0.00612658	0.00608681	0.96125	0.00375	48	0.00565
180	48.953	0.082319	0.00611912	0.00607203	0.9595	0.002	47	0.00078
270	48.7258	0.271493	0.00609073	0.00601721	0.96275	0.001375	46	0.00023
360	48.0219	0.649449	0.00600273	0.00586665	0.963875	0.00175	44	4e-05
450	46.771	1.08767	0.00584637	0.00562248	0.957625	0.000875	42	9e-05
540	44.8591	1.56812	0.00560739	0.0052765	0.964	0.00075	40	0.00012
630	42.4008	1.85553	0.00530011	0.00490395	0.96225	0.0015	37	1e-05
720	40.1079	1.68907	0.00501348	0.00463926	0.962625	0.001	35	0.00011
810	38.032	1.80491	0.004754	0.00439193	0.964	0.000875	33	8e-05
900	35.7095	1.78215	0.00446369	0.00413575	0.964125	0.001	31	4e-05
990	33.8251	1.38183	0.00422813	0.00394548	0.970125	0.000875	30	0.00039

Tue Jan  9 13:11:26 2018

N = 100000
u = 1e-05, v = 1e-06
initialTE = 50
propAffectW = 1
a = 0.00051, b = 0.00039
chrom# = 16, ploidy# = haploid

GEN	n	Vn	x	Vx	empty	fixed	min#	minFreq
0	50	0	0.00625	0.00621171	0.99375	0.00625	50	1
90	50.0139	0.0352871	0.00625174	0.00620902	0.955625	0.00225	48	3e-05
180	49.9618	0.0909909	0.00624522	0.00619555	0.95575	0.001625	48	0.00099
270	49.7011	0.315458	0.00621263	0.0061316	0.9575	0.00125	46	1e-05
360	48.8687	0.87764	0.00610859	0.0059384	0.961375	0.00075	45	0.00068
450	46.9443	1.62068	0.00586803	0.00554623	0.96225	0.000375	41	1e-05
540	44.4858	2.013	0.00556072	0.00513429	0.9615	0.000625	39	0.00021
630	41.6863	2.19711	0.00521078	0.00473818	0.962875	0.000875	35	1e-05
720	38.9314	2.01158	0.00486643	0.00439149	0.964375	0.0005	33	2e-05
810	36.4619	1.77797	0.00455774	0.00411474	0.96625	0.001	32	0.00058
900	34.5171	1.74462	0.00431464	0.00388448	0.9685	0.00075	29	6e-05
990	32.3056	2.08159	0.0040382	0.00358774	0.970125	0.001	26	1e-05

Tue Jan  9 14:01:36 2018

N = 100000
u = 1e-05, v = 1e-06
initialTE = 50
propAffectW = 1
a = 0.00051, b = 0.00039
chrom# = 16, ploidy# = haploid

GEN	n	Vn	x	Vx	empty	fixed	min#	minFreq
0	50	0	0.00625	0.00621171	0.99375	0.00625	50	1
90	50.0091	0.0321382	0.00625113	0.00620881	0.962875	0.002625	48	3e-05
180	49.9491	0.0963191	0.00624364	0.00619306	0.959	0.002375	48	0.00122
270	49.6211	0.371039	0.00620264	0.00611372	0.958375	0.001375	46	2e-05
360	48.6277	0.968237	0.00607846	0.00589285	0.9575	0.000875	44	4e-05
450	46.7522	1.49147	0.00584403	0.00554501	0.958125	0.000625	42	0.0003
540	44.4358	1.82612	0.00555448	0.00517445	0.961375	0.000625	39	6e-05
630	41.9247	1.80644	0.00524059	0.00481173	0.96725	0.000625	37	0.00022
720	39.6138	1.87818	0.00495173	0.00448288	0.964	0.00075	34	3e-05
810	37.1905	2.07309	0.00464882	0.00415847	0.968625	0.0005	31	2e-05
900	34.6091	2.0365	0.00432614	0.0038403	0.9685	0.000875	29	1e-05
990	32.5777	1.47348	0.00407221	0.00363755	0.971375	0.001	28	1e-05

Tue Jan  9 14:56:20 2018

N = 100000
u = 1e-05, v = 1e-06
initialTE = 50
propAffectW = 1
a = 0.00051, b = 0.00039
chrom# = 16, ploidy# = haploid

GEN	n	Vn	x	Vx	empty	fixed	min#	minFreq
0	50	0	0.00625	0.00621171	0.99375	0.00625	50	1
90	50.0023	0.0362651	0.00625029	0.00620755	0.960375	0.002375	48	7e-05
180	49.9211	0.12919	0.00624013	0.00618573	0.955875	0.001875	47	0.00016
270	49.4381	0.590993	0.00617976	0.00607156	0.95525	0.0015	45	7e-05
360	47.7124	1.35192	0.00596406	0.00574501	0.960125	0.000875	43	5e-05
450	45.5697	1.26409	0.00569622	0.00546184	0.963375	0.001	40	1e-05
540	43.8184	1.38817	0.00547731	0.0052229	0.960375	0.000625	39	9e-05
630	41.695	1.64278	0.00521188	0.00491815	0.963375	0.000875	36	1e-05
720	39.5663	1.53394	0.00494579	0.00464535	0.965875	0.000875	34	2e-05
810	37.5487	1.62828	0.00469359	0.00439081	0.9665	0.001	32	1e-05
900	35.6321	1.30242	0.00445402	0.0041663	0.9675	0.0005	31	3e-05
990	34.0643	1.45269	0.00425803	0.0039634	0.967625	0.00075	29	0.00013

Tue Jan  9 15:54:13 2018

N = 100000
u = 1e-05, v = 1e-06
initialTE = 50
propAffectW = 1
a = 0.00051, b = 0.00039
chrom# = 16, ploidy# = haploid

GEN	n	Vn	x	Vx	empty	fixed	min#	minFreq
0	50	0	0.00625	0.00621171	0.99375	0.00625	50	1
90	50.0049	0.0418663	0.00625061	0.00620716	0.95725	0.002375	48	8e-05
180	49.8645	0.191384	0.00623306	0.00617197	0.95825	0.00175	47	0.00072
270	48.9839	0.943409	0.00612298	0.00596828	0.961375	0.001125	44	1e-05
360	46.8793	1.61462	0.00585991	0.00558006	0.96375	0.001375	41	1e-05
450	44.1024	2.15812	0.00551281	0.00514644	0.961125	0.001125	37	1e-05
540	40.5633	2.671	0.00507041	0.00468751	0.963125	0.001125	35	0.00011
630	37.8621	1.25302	0.00473276	0.00448633	0.968375	0.00125	34	0.00015
720	36.5667	1.02306	0.00457084	0.00436697	0.965125	0.000875	33	0.00026
810	35.3294	0.899325	0.00441617	0.004244	0.9685	0.00075	31	5e-05
900	34.3445	0.864199	0.00429306	0.00412259	0.961125	0.0005	30	0.0001
990	33.0755	1.31824	0.00413444	0.00391225	0.966875	0.000375	28	3e-05

Tue Jan  9 16:56:43 2018

N = 100000
u = 1e-05, v = 1e-06
initialTE = 50
propAffectW = 1
a = 0.00051, b = 0.00039
chrom# = 16, ploidy# = haploid

GEN	n	Vn	x	Vx	empty	fixed	min#	minFreq
0	50	0	0.00625	0.00621171	0.99375	0.00625	50	1
90	50.011	0.0331087	0.00625138	0.00620893	0.956875	0.002125	48	6e-05
180	49.9249	0.128967	0.00624061	0.006187	0.957625	0.002	47	0.00022
270	49.4431	0.570932	0.00618039	0.00607169	0.95825	0.001	45	3e-05
360	47.8936	1.19953	0.0059867	0.00577238	0.959625	0.001125	43	1e-05
450	45.8806	1.48893	0.00573507	0.00544924	0.961625	0.000625	41	9e-05
540	43.7104	1.77101	0.0054638	0.00509981	0.9605	0.000875	39	0.00026
630	41.3705	1.79196	0.00517131	0.00476156	0.963375	0.00075	36	1e-05
720	39.2163	1.64539	0.00490203	0.00446792	0.96475	0.00075	33	1e-05
810	37.0712	1.79531	0.00463389	0.00420269	0.96375	0.0005	30	1e-05
900	34.6234	2.4246	0.00432793	0.00387963	0.96875	0.0005	28	1e-05
990	31.5831	1.85692	0.00394788	0.00357468	0.970625	0.00075	27	1e-05

Tue Jan  9 17:57:06 2018

N = 100000
u = 1e-05, v = 1e-06
initialTE = 50
propAffectW = 1
a = 0.00051, b = 0.00039
chrom# = 16, ploidy# = haploid

GEN	n	Vn	x	Vx	empty	fixed	min#	minFreq
0	50	0	0.00625	0.00621171	0.99375	0.00625	50	1
90	50.0072	0.0270887	0.0062509	0.00620919	0.963375	0.002375	48	2e-05
180	49.9567	0.0868442	0.00624459	0.00619519	0.96075	0.0025	48	0.00089
270	49.7124	0.289625	0.00621405	0.00613582	0.959375	0.001375	47	0.00057
360	48.931	0.793944	0.00611638	0.00595176	0.956875	0.0005	44	1e-05
450	47.1007	1.69426	0.00588758	0.00556594	0.9615	0.000875	42	6e-05
540	44.5286	1.87222	0.00556607	0.00512907	0.962125	0.000375	39	2e-05
630	42.1522	1.78583	0.00526902	0.00479991	0.96575	0.00075	37	3e-05
720	39.8865	1.79256	0.00498582	0.00450311	0.961125	0.000875	34	1e-05
810	37.6068	1.92449	0.00470085	0.00419887	0.9685	0.000125	32	9e-05
900	35.1703	2.00685	0.00439629	0.00389647	0.968375	0.00075	29	1e-05
990	33.0076	1.83682	0.00412595	0.00367459	0.964875	0.0005	28	0.00011

Tue Jan  9 18:56:43 2018

N = 100000
u = 1e-05, v = 1e-06
initialTE = 50
propAffectW = 1
a = 0.00051, b = 0.00039
chrom# = 16, ploidy# = haploid

GEN	n	Vn	x	Vx	empty	fixed	min#	minFreq
0	50	0	0.00625	0.00621171	0.99375	0.00625	50	1
90	50.0125	0.0356846	0.00625156	0.00620882	0.957	0.002	48	7e-05
180	49.9407	0.107507	0.00624259	0.00619056	0.9605	0.001375	47	2e-05
270	49.5644	0.409578	0.00619555	0.00609948	0.95875	0.001125	46	6e-05
360	48.4172	1.14443	0.00605215	0.00583717	0.959125	0.001	44	0.00033
450	46.1445	1.89419	0.00576806	0.00539746	0.960375	0.0005	41	0.00023
540	43.3828	2.06536	0.00542284	0.00501119	0.9655	0.00075	38	8e-05
630	40.8095	1.90389	0.00510119	0.0047116	0.9635	0.0005	35	6e-05
720	38.202	2.29206	0.00477525	0.00436171	0.966375	0.00075	32	4e-05
810	35.4174	2.04175	0.00442717	0.00405109	0.968375	0.000375	30	4e-05
900	33.1498	2.0146	0.00414372	0.00379577	0.969375	0.000625	28	0.0002
990	31.0924	1.79222	0.00388655	0.00355575	0.967625	0.0005	26	0.0001
