
Thu Jan 11 14:05:57 2018

N = 100000
u = 0.00015, v = 1e-06
initialTE = 50
propAffectW = 1
a = 0.00051, b = 0.00039
chrom# = 16, ploidy# = haploid

GEN	n	Vn	x	Vx	empty	fixed	min#	minFreq
0	50	0	0.00625	0.00621171	0.99375	0.00625	50	1
90	50.3096	0.329096	0.0062887	0.00620843	0.58575	0.003125	48	3e-05
180	50.3008	0.46264	0.0062876	0.0061908	0.56025	0.0025	48	0.00093
270	49.9211	0.789051	0.00624014	0.00610092	0.570125	0.001875	46	0.0001
360	48.7095	1.46422	0.00608868	0.00583884	0.59225	0.00125	44	0.00017
450	46.6767	1.8375	0.00583459	0.00550923	0.600125	0.001125	42	0.00017
540	44.6826	1.75805	0.00558533	0.00525485	0.6055	0.000875	40	0.00016
630	42.7002	1.91495	0.00533753	0.00498333	0.62775	0.001125	37	2e-05
720	40.4967	2.01761	0.00506209	0.00468653	0.631625	0.00075	35	1e-05
810	38.4314	1.94847	0.00480392	0.00442501	0.64475	0.00075	34	0.00041
900	36.6886	1.78069	0.00458608	0.0042192	0.642	0.001	32	9e-05
990	35.1087	1.51034	0.00438859	0.00404026	0.66325	0.00075	30	1e-05

Thu Jan 11 14:33:57 2018

N = 100000
u = 0.00015, v = 1e-06
initialTE = 50
propAffectW = 1
a = 0.00051, b = 0.00039
chrom# = 16, ploidy# = haploid

GEN	n	Vn	x	Vx	empty	fixed	min#	minFreq
0	50	0	0.00625	0.00621171	0.99375	0.00625	50	1
90	50.3005	0.334047	0.00628756	0.00620845	0.593625	0.003625	48	2e-05
180	50.2977	0.419795	0.00628722	0.00619643	0.589125	0.002625	48	0.00059
270	50.0121	0.68834	0.00625152	0.0061259	0.584875	0.0025	47	0.00126
360	48.9008	1.42575	0.0061126	0.00588449	0.5885	0.001625	44	5e-05
450	46.6896	2.06223	0.0058362	0.00552292	0.598125	0.000875	41	1e-05
540	44.4576	1.55864	0.0055572	0.0052838	0.609125	0.00125	40	5e-05
630	42.7974	1.45786	0.00534968	0.00509177	0.617125	0.001125	39	0.00089
720	41.197	1.48908	0.00514962	0.00488318	0.620875	0.001125	36	1e-05
810	39.5963	1.70083	0.00494953	0.00464952	0.63275	0.000875	33	1e-05
900	37.5894	2.16539	0.00469867	0.00433743	0.658625	0.000625	31	1e-05
990	35.3895	2.25863	0.00442368	0.00403347	0.664875	0.00075	29	2e-05

Thu Jan 11 15:01:00 2018

N = 100000
u = 0.00015, v = 1e-06
initialTE = 50
propAffectW = 1
a = 0.00051, b = 0.00039
chrom# = 16, ploidy# = haploid

GEN	n	Vn	x	Vx	empty	fixed	min#	minFreq
0	50	0	0.00625	0.00621171	0.99375	0.00625	50	1
90	50.2955	0.329623	0.00628694	0.00620778	0.586625	0.00275	48	5e-05
180	50.2585	0.444103	0.00628231	0.00618784	0.5715	0.00175	48	0.00158
270	49.9838	0.717996	0.00624798	0.00611723	0.57725	0.00125	46	3e-05
360	48.9192	1.34172	0.00611491	0.0058796	0.585375	0.001125	44	8e-05
450	46.7905	2.15075	0.00584882	0.00547197	0.60475	0.001	40	1e-05
540	43.393	2.88958	0.00542413	0.00498941	0.627375	0.000625	37	1e-05
630	40.4721	2.25253	0.00505902	0.00467393	0.624875	0.000875	35	0.00021
720	37.7346	2.33965	0.00471683	0.00437	0.646375	0.00075	32	1e-05
810	35.6819	1.52599	0.00446023	0.0041778	0.664375	0.00075	31	1e-05
900	34.3915	1.3909	0.00429894	0.00401328	0.666875	0.000875	30	0.00015
990	33.1187	1.54935	0.00413984	0.00381052	0.67675	0.000875	28	2e-05

Thu Jan 11 15:35:39 2018

N = 100000
u = 0.00015, v = 1e-06
initialTE = 50
propAffectW = 1
a = 0.00051, b = 0.00039
chrom# = 16, ploidy# = haploid

GEN	n	Vn	x	Vx	empty	fixed	min#	minFreq
0	50	0	0.00625	0.00621171	0.99375	0.00625	50	1
90	50.3032	0.318753	0.00628791	0.00620885	0.59	0.002375	49	0.00682
180	50.296	0.43316	0.006287	0.00619412	0.565875	0.001875	47	1e-05
270	49.9712	0.72616	0.00624641	0.00611386	0.577375	0.001375	46	7e-05
360	48.8653	1.3621	0.00610816	0.00587264	0.59475	0.00175	44	6e-05
450	46.816	1.75808	0.005852	0.00553965	0.600125	0.00125	42	2e-05
540	44.9851	1.44551	0.00562314	0.00532127	0.6055	0.001375	40	1e-05
630	43.3818	1.65869	0.00542273	0.00508742	0.616875	0.00075	38	3e-05
720	41.0562	2.34396	0.00513202	0.00472812	0.629125	0.0005	35	3e-05
810	38.041	2.43135	0.00475513	0.00435161	0.657625	0.000375	32	1e-05
900	35.8702	2.11403	0.00448377	0.00409863	0.65575	0.00075	30	2e-05
990	33.8394	2.12589	0.00422992	0.00384277	0.668375	0.00075	28	1e-05

Thu Jan 11 16:27:09 2018

N = 100000
u = 0.00015, v = 1e-06
initialTE = 50
propAffectW = 1
a = 0.00051, b = 0.00039
chrom# = 16, ploidy# = haploid

GEN	n	Vn	x	Vx	empty	fixed	min#	minFreq
0	50	0	0.00625	0.00621171	0.99375	0.00625	50	1
90	50.3059	0.334896	0.00628824	0.00620787	0.587875	0.00275	48	3e-05
180	50.2716	0.466029	0.00628395	0.00618666	0.57525	0.0015	47	4e-05
270	49.7955	0.921629	0.00622444	0.00607119	0.576375	0.00125	46	0.00052
360	48.287	1.65709	0.00603587	0.00575044	0.600375	0.000875	43	5e-05
450	46.0047	2.05255	0.00575059	0.00537727	0.586625	0.001375	41	2e-05
540	43.8206	1.79664	0.00547757	0.00512499	0.6105	0.00125	39	3e-05
630	41.7768	1.72338	0.0052221	0.00488452	0.629	0.000875	37	1e-05
720	40.0157	1.46545	0.00500196	0.0046888	0.635125	0.001	36	0.0003
810	38.534	1.37856	0.00481675	0.00451239	0.631	0.000625	34	1e-05
900	37.2942	1.35702	0.00466177	0.00436109	0.641125	0.001125	33	0.0001
990	36.0132	1.4214	0.00450165	0.00419479	0.651625	0.001	31	3e-05

Thu Jan 11 17:29:20 2018

N = 100000
u = 0.00015, v = 1e-06
initialTE = 50
propAffectW = 1
a = 0.00051, b = 0.00039
chrom# = 16, ploidy# = haploid

GEN	n	Vn	x	Vx	empty	fixed	min#	minFreq
0	50	0	0.00625	0.00621171	0.99375	0.00625	50	1
90	50.2912	0.313446	0.0062864	0.0062087	0.60325	0.002	48	0.0001
180	50.2766	0.426352	0.00628457	0.006192	0.589375	0.00225	47	9e-05
270	49.9166	0.789227	0.00623958	0.00610156	0.587	0.001375	46	0.00022
360	48.5052	1.58129	0.00606315	0.00581105	0.58825	0.001125	43	1e-05
450	46.1982	2.06167	0.00577477	0.00543985	0.606375	0.000875	41	0.00024
540	43.6113	2.04912	0.00545141	0.00513761	0.624625	0.001	38	1e-05
630	41.4495	1.611	0.00518118	0.00492907	0.6235	0.00175	37	0.0001
720	39.9023	1.57213	0.00498779	0.0047312	0.624625	0.000875	35	3e-05
810	38.2902	1.66179	0.00478628	0.00450588	0.62975	0.000875	33	2e-05
900	36.675	1.73079	0.00458437	0.00429045	0.65375	0.001375	32	0.00037
990	34.8791	1.8233	0.00435989	0.00406522	0.66175	0.00125	30	7e-05

Thu Jan 11 18:21:35 2018

N = 100000
u = 0.00015, v = 1e-06
initialTE = 50
propAffectW = 1
a = 0.00051, b = 0.00039
chrom# = 16, ploidy# = haploid

GEN	n	Vn	x	Vx	empty	fixed	min#	minFreq
0	50	0	0.00625	0.00621171	0.99375	0.00625	50	1
90	50.2803	0.323008	0.00628504	0.00620659	0.605125	0.002125	48	3e-05
180	50.1877	0.533987	0.00627346	0.00617251	0.578625	0.002375	46	1e-05
270	49.4137	1.05386	0.00617671	0.00600667	0.581	0.00175	46	0.00017
360	48.3443	0.990297	0.00604304	0.00586113	0.588	0.001125	44	1e-05
450	47.1375	1.36844	0.00589219	0.00565353	0.596	0.001125	42	3e-05
540	45.0137	2.15904	0.00562671	0.00526286	0.61175	0.000625	38	1e-05
630	42.02	2.65854	0.0052525	0.00485686	0.631375	0.001125	36	1e-05
720	39.5008	1.68322	0.0049376	0.00462786	0.647875	0.001	34	1e-05
810	37.6881	2.05272	0.00471102	0.00435381	0.658875	0.0005	31	4e-05
900	35.258	2.35629	0.00440725	0.00394429	0.662	0.000625	29	3e-05
990	32.8523	2.7345	0.00410654	0.00362469	0.678625	0.000375	27	0.00012

Thu Jan 11 19:07:14 2018

N = 100000
u = 0.00015, v = 1e-06
initialTE = 50
propAffectW = 1
a = 0.00051, b = 0.00039
chrom# = 16, ploidy# = haploid

GEN	n	Vn	x	Vx	empty	fixed	min#	minFreq
0	50	0	0.006125	0.00608825	0.993875	0.006125	50	1
90	44.2885	0.300459	0.00553606	0.00546868	0.62675	0.001875	43	0.00372
180	44.3221	0.383628	0.00554026	0.00546249	0.60675	0.001375	42	0.00011
270	44.2265	0.500554	0.00552831	0.00543315	0.60325	0.00125	41	2e-05
360	43.8422	0.820353	0.00548028	0.00533854	0.607	0.000875	40	9e-05
450	42.9067	1.31106	0.00536334	0.00513444	0.607	0.001	38	2e-05
540	41.1473	2.01424	0.00514341	0.00479719	0.632	0.000875	36	0.00018
630	38.6883	2.5029	0.00483603	0.00438832	0.6445	0.000875	32	3e-05
720	36.0126	2.76542	0.00450158	0.00397996	0.6665	0.0005	29	2e-05
810	33.1845	3.0181	0.00414806	0.00358731	0.674125	0.000375	27	7e-05
900	30.3584	3.01667	0.0037948	0.00327044	0.692	0.001125	24	6e-05
990	27.9558	2.63922	0.00349448	0.0030335	0.711125	0.000625	22	2e-05

Thu Jan 11 19:34:03 2018

N = 100000
u = 0.00015, v = 1e-06
initialTE = 50
propAffectW = 1
a = 0.00051, b = 0.00039
chrom# = 16, ploidy# = haploid

GEN	n	Vn	x	Vx	empty	fixed	min#	minFreq
0	50	0	0.00625	0.00621171	0.99375	0.00625	50	1
90	50.2959	0.323827	0.00628699	0.00620783	0.5935	0.0025	48	6e-05
180	50.2898	0.472445	0.00628623	0.00618849	0.57075	0.0015	48	0.00129
270	49.9341	0.791154	0.00624176	0.00610232	0.569125	0.00125	46	7e-05
360	48.7123	1.50776	0.00608903	0.00582915	0.588	0.000875	43	1e-05
450	45.7687	2.74147	0.00572108	0.00531741	0.60925	0.000875	40	2e-05
540	42.9999	1.70941	0.00537499	0.0050628	0.61925	0.000875	38	4e-05
630	41.3294	1.51542	0.00516617	0.00485299	0.6265	0.001	36	1e-05
720	39.8702	1.53288	0.00498377	0.00462851	0.631375	0.000625	34	1e-05
810	38.3343	1.64643	0.00479178	0.00437758	0.64475	0.0005	33	2e-05
900	36.6337	1.75548	0.00457921	0.00413596	0.660125	0.00075	31	2e-05
990	34.8201	1.94233	0.00435252	0.00391274	0.6595	0.00025	30	0.00019

Thu Jan 11 20:04:19 2018

N = 100000
u = 0.00015, v = 1e-06
initialTE = 50
propAffectW = 1
a = 0.00051, b = 0.00039
chrom# = 16, ploidy# = haploid

GEN	n	Vn	x	Vx	empty	fixed	min#	minFreq
0	50	0	0.00625	0.00621171	0.99375	0.00625	50	1
90	50.3	0.325507	0.00628749	0.00620783	0.582625	0.002625	48	5e-05
180	50.2768	0.437191	0.0062846	0.00619036	0.582875	0.001625	48	0.0011
270	49.9682	0.750323	0.00624602	0.00611148	0.571125	0.0015	46	0.00028
360	48.2467	2.01835	0.00603083	0.00575053	0.589625	0.00125	43	2e-05
450	45.9272	1.65235	0.0057409	0.00545479	0.5985	0.000875	41	8e-05
540	43.9705	1.93816	0.00549631	0.00516437	0.617875	0.001	38	3e-05
630	41.7008	2.11382	0.0052126	0.00482906	0.626125	0.001	35	1e-05
720	39.4562	2.11911	0.00493203	0.00455973	0.638375	0.00075	34	0.0001
810	36.9477	2.31738	0.00461846	0.00426863	0.660375	0.00075	32	0.0001
900	34.7507	1.66155	0.00434384	0.00405291	0.664125	0.000625	31	0.0005
990	33.5311	1.15698	0.00419139	0.00395125	0.668625	0.00075	30	0.00014
