
Thu Jan 11 15:02:43 2018

N = 100000
u = 0.01, v = 1e-06
initialTE = 50
propAffectW = 1
a = 0.00051, b = 0.00039
chrom# = 16, ploidy# = haploid

GEN	n	Vn	x	Vx	empty	fixed	min#	minFreq
0	50	0	0.00625	0.00621171	0.99375	0.00625	50	1
90	69.6989	20.7142	0.00871236	0.00621504	0	0.004375	54	1e-05
180	76.4847	23.5636	0.00956058	0.00670678	0	0.003625	57	1e-05
270	81.2935	20.4496	0.0101617	0.00750392	0	0.00425	65	1e-05
360	92.6432	23.6227	0.0115804	0.00819179	0	0.003875	75	3e-05
450	104.034	22.6989	0.0130043	0.00968872	0	0.004375	86	2e-05
540	115.951	24.4597	0.0144939	0.0111358	0	0.00475	97	1e-05
630	132.331	28.5272	0.0165414	0.0122455	0	0.006	111	2e-05
720	142.786	23.9908	0.0178482	0.0144747	0	0.008125	125	3e-05
760	150.047	20.7057	0.0187558	0.0145496	0	0.00825	134	6e-05

Thu Jan 11 17:24:32 2018

N = 100000
u = 0.01, v = 1e-06
initialTE = 50
propAffectW = 1
a = 0.00051, b = 0.00039
chrom# = 16, ploidy# = haploid

GEN	n	Vn	x	Vx	empty	fixed	min#	minFreq
0	50	0	0.00625	0.00621171	0.99375	0.00625	50	1
90	69.7947	20.1514	0.00872434	0.00621751	0	0.00325	54	1e-05
180	77.5563	21.6009	0.00969453	0.0068442	0	0.00425	60	1e-05
270	84.3798	22.2747	0.0105475	0.0076801	0	0.00425	68	3e-05
360	93.7999	22.7918	0.011725	0.00869622	0	0.005125	77	1e-05
450	105.129	24.5262	0.0131411	0.0100909	0	0.006375	88	1e-05
540	118.91	23.1152	0.0148637	0.011514	0	0.006625	101	4e-05
630	130.829	22.0767	0.0163537	0.013539	0	0.008875	115	1e-05
720	149.714	24.4573	0.0187143	0.0148659	0	0.009	129	1e-05
753	150.146	21.5785	0.0187683	0.0157743	0	0.00875	135	4e-05

Thu Jan 11 19:40:26 2018

N = 100000
u = 0.01, v = 1e-06
initialTE = 50
propAffectW = 1
a = 0.00051, b = 0.00039
chrom# = 16, ploidy# = haploid

GEN	n	Vn	x	Vx	empty	fixed	min#	minFreq
0	50	0	0.00625	0.00621171	0.99375	0.00625	50	1
90	70.8234	20.6927	0.00885293	0.00622331	0	0.003625	55	1e-05
180	79.0078	24.5057	0.00987597	0.00673128	0	0.003625	61	1e-05
270	88.2651	25.4967	0.0110331	0.00743848	0	0.004	68	1e-05
360	93.8441	26.6132	0.0117305	0.00799429	0	0.004625	75	1e-05
450	98.6419	21.6983	0.0123302	0.00976839	0	0.005	82	1e-05
540	112.364	24.8164	0.0140455	0.0105151	0	0.005	93	4e-05
630	121.724	24.9952	0.0152155	0.0114529	0	0.00675	103	2e-05
720	134.468	24.0427	0.0168084	0.0133277	0	0.007125	116	1e-05
810	146.228	23.0874	0.0182785	0.0150577	0	0.010375	130	4e-05
833	150.095	21.5014	0.0187619	0.0148567	0	0.01	135	6e-05

Thu Jan 11 21:42:19 2018

N = 100000
u = 0.01, v = 1e-06
initialTE = 50
propAffectW = 1
a = 0.00051, b = 0.00039
chrom# = 16, ploidy# = haploid

GEN	n	Vn	x	Vx	empty	fixed	min#	minFreq
0	50	0	0.00625	0.00621171	0.99375	0.00625	50	1
90	67.8074	21.4208	0.00847592	0.00622765	0	0.003125	53	2e-05
180	75.4501	21.2654	0.00943126	0.00685346	0	0.003625	60	1e-05
270	85.4563	25.9023	0.010682	0.00685753	0	0.003	65	1e-05
360	90.9941	23.3983	0.0113743	0.00855198	0	0.004	72	1e-05
450	100.118	24.8249	0.0125148	0.00922191	0	0.00475	82	2e-05
540	112.108	28.2523	0.0140135	0.00920082	0	0.00475	90	3e-05
630	116.86	22.2318	0.0146075	0.0117746	0	0.00875	101	2e-05
720	132.216	23.2221	0.016527	0.0132823	0	0.009	115	4e-05
810	147.71	23.7098	0.0184637	0.0147545	0	0.010875	130	3e-05
836	150.18	22.182	0.0187725	0.0147861	0	0.008875	136	8e-05

Thu Jan 11 23:40:45 2018

N = 100000
u = 0.01, v = 1e-06
initialTE = 50
propAffectW = 1
a = 0.00051, b = 0.00039
chrom# = 16, ploidy# = haploid

GEN	n	Vn	x	Vx	empty	fixed	min#	minFreq
0	50	0	0.00625	0.00621171	0.99375	0.00625	50	1
90	70.5216	21.3062	0.00881519	0.0062336	0	0.00425	53	1e-05
180	79.3952	24.811	0.0099244	0.00652125	0	0.004625	62	2e-05
270	88.8929	26.2084	0.0111116	0.00711566	0	0.00425	70	4e-05
360	93.3677	22.3007	0.011671	0.00893109	0	0.00425	77	2e-05
450	103.777	21.7768	0.0129721	0.0100625	0	0.006125	88	5e-05
540	117.046	26.5719	0.0146308	0.0101892	0	0.006125	96	1e-05
630	127.71	24.837	0.0159637	0.0123941	0	0.008375	107	1e-05
720	145.563	24.6562	0.0181953	0.0143971	0	0.00875	125	1e-05
771	150.199	20.8878	0.0187749	0.0155184	0	0.0095	136	6e-05

Fri Jan 12 01:35:28 2018

N = 100000
u = 0.01, v = 1e-06
initialTE = 50
propAffectW = 1
a = 0.00051, b = 0.00039
chrom# = 16, ploidy# = haploid

GEN	n	Vn	x	Vx	empty	fixed	min#	minFreq
0	50	0	0.00625	0.00621171	0.99375	0.00625	50	1
90	70.922	21.7323	0.00886526	0.00621497	0	0.003875	55	2e-05
180	79.8413	24.0619	0.00998017	0.00656141	0	0.003125	61	1e-05
270	84.2401	23.2328	0.01053	0.00756816	0	0.0035	66	2e-05
360	95.527	22.1065	0.0119409	0.00877643	0	0.003375	75	1e-05
450	102.783	23.7052	0.0128479	0.00949768	0	0.006	86	4e-05
540	115.409	24.206	0.0144261	0.0109766	0	0.0065	96	1e-05
630	124.618	24.1903	0.0155772	0.0120763	0	0.008125	107	4e-05
720	138.268	24.5671	0.0172835	0.0134699	0	0.00825	120	2e-05
795	150.182	21.2661	0.0187728	0.0157414	0	0.00825	136	4e-05

Fri Jan 12 03:34:34 2018

N = 100000
u = 0.01, v = 1e-06
initialTE = 50
propAffectW = 1
a = 0.00051, b = 0.00039
chrom# = 16, ploidy# = haploid

GEN	n	Vn	x	Vx	empty	fixed	min#	minFreq
0	50	0	0.00625	0.00621171	0.99375	0.00625	50	1
90	69.3775	22.5047	0.00867219	0.00624751	0	0.003875	54	1e-05
180	79.9486	23.5443	0.00999358	0.0065311	0	0.004	61	2e-05
270	81.1266	21.9477	0.0101408	0.00778809	0	0.00375	66	1e-05
360	93.316	24.7818	0.0116645	0.00813645	0	0.00525	74	1e-05
450	101.972	23.3365	0.0127465	0.00948749	0	0.005875	83	1e-05
540	109.82	23.6826	0.0137276	0.0108554	0	0.006125	92	1e-05
630	121.56	22.9986	0.015195	0.0121036	0	0.0075	104	2e-05
720	135.642	23.6687	0.0169552	0.0136989	0	0.008	119	3e-05
792	150.187	21.2676	0.0187734	0.0148892	0	0.009625	135	3e-05

Fri Jan 12 05:23:01 2018

N = 100000
u = 0.01, v = 1e-06
initialTE = 50
propAffectW = 1
a = 0.00051, b = 0.00039
chrom# = 16, ploidy# = haploid

GEN	n	Vn	x	Vx	empty	fixed	min#	minFreq
0	50	0	0.00625	0.00621171	0.99375	0.00625	50	1
90	70.6859	21.2241	0.00883574	0.00621134	0	0.004125	53	1e-05
180	79.0666	21.7701	0.00988333	0.00694601	0	0.003625	63	5e-05
270	86.6389	20.5114	0.0108299	0.00817375	0	0.004125	71	4e-05
360	96.2895	21.9314	0.0120362	0.00927258	0	0.004875	80	1e-05
450	105.55	23.0569	0.0131937	0.0101462	0	0.007	87	1e-05
540	114.355	24.4838	0.0142944	0.0108935	0	0.007	95	1e-05
630	129.232	23.8457	0.016154	0.0125458	0	0.007375	108	1e-05
720	143.301	23.7635	0.0179126	0.0142265	0	0.008875	124	1e-05
760	150.143	20.9875	0.0187678	0.0145618	0	0.00775	136	5e-05

Fri Jan 12 07:10:30 2018

N = 100000
u = 0.01, v = 1e-06
initialTE = 50
propAffectW = 1
a = 0.00051, b = 0.00039
chrom# = 16, ploidy# = haploid

GEN	n	Vn	x	Vx	empty	fixed	min#	minFreq
0	50	0	0.006125	0.00608825	0.993875	0.006125	50	1
90	64.6417	19.7368	0.00808022	0.00572664	0	0.004375	49	1e-05
180	76.0087	24.6823	0.00950109	0.00582468	0	0.003375	57	2e-05
270	82.0241	23.7136	0.010253	0.00707004	0	0.004	65	3e-05
360	87.5232	23.3397	0.0109404	0.00789335	0	0.005125	69	1e-05
450	91.8373	21.47	0.0114797	0.00858689	0	0.004	75	1e-05
540	102.529	22.6473	0.0128162	0.00971891	0	0.004875	86	2e-05
630	117.417	24.9953	0.0146771	0.0109447	0	0.005875	97	1e-05
720	129.026	27.585	0.0161282	0.0115849	0	0.0065	108	1e-05
810	138.687	20.9403	0.0173359	0.0145267	0	0.00775	123	1e-05
868	150.044	22.1681	0.0187556	0.0153147	0	0.00825	136	7e-05

Fri Jan 12 09:18:39 2018

N = 100000
u = 0.01, v = 1e-06
initialTE = 50
propAffectW = 1
a = 0.00051, b = 0.00039
chrom# = 16, ploidy# = haploid

GEN	n	Vn	x	Vx	empty	fixed	min#	minFreq
0	50	0	0.00625	0.00621171	0.99375	0.00625	50	1
90	70.753	20.9124	0.00884412	0.00620672	0	0.0035	55	2e-05
180	77.8812	22.6898	0.00973515	0.00674201	0	0.00425	60	3e-05
270	80.8971	20.9552	0.0101121	0.00751308	0	0.004125	66	2e-05
360	91.7274	23.6266	0.0114659	0.00822231	0	0.006	73	1e-05
450	100.823	22.6606	0.0126028	0.00958073	0	0.0045	81	1e-05
540	105.313	21.4421	0.0131641	0.0103224	0	0.007375	89	1e-05
630	119.335	22.8347	0.0149169	0.0116714	0	0.00725	102	2e-05
720	131.329	23.9268	0.0164161	0.0132911	0	0.00825	115	3e-05
810	146.407	22.2856	0.0183009	0.0152323	0	0.010375	128	1e-05
829	150.258	21.4701	0.0187823	0.0152139	0	0.01025	136	5e-05
