
Mon Jan 15 13:51:54 2018

N = 100000
u = 0.004, v = 1e-06
initialTE = 50
propAffectW = 1
a = 0.00051, b = 0.00039
chrom# = 16, ploidy# = haploid

GEN	n	Vn	x	Vx	empty	fixed	min#	minFreq
0	50	0	0.00625	0.00621171	0.99375	0.00625	50	1
90	58.1839	8.66453	0.00727298	0.00619654	0	0.003	50	0.00029
180	58.9599	9.5193	0.00736999	0.00618035	0	0.0035	50	0.00013
270	60.0324	9.67251	0.00750405	0.00618594	0	0.003	50	1e-05
360	59.7495	9.74565	0.00746868	0.00620349	0	0.002625	50	2e-05
450	60.1908	10.2208	0.00752385	0.00610681	0	0.003	50	6e-05
540	59.7566	10.8939	0.00746957	0.00602842	0	0.002625	48	2e-05
630	57.2708	9.11377	0.00715885	0.00595391	0	0.002875	48	2e-05
720	57.8273	9.99425	0.00722841	0.00596745	0	0.003125	48	6e-05
810	57.8135	10.0939	0.00722668	0.00591403	0	0.00375	47	2e-05
900	56.9528	10.1788	0.00711909	0.00581537	0	0.00225	47	8e-05
990	54.9647	9.79239	0.00687059	0.0057657	0	0.0025	46	1e-05

Mon Jan 15 15:10:06 2018

N = 100000
u = 0.004, v = 1e-06
initialTE = 50
propAffectW = 1
a = 0.00051, b = 0.00039
chrom# = 16, ploidy# = haploid

GEN	n	Vn	x	Vx	empty	fixed	min#	minFreq
0	50	0	0.00625	0.00621171	0.99375	0.00625	50	1
90	58.2678	8.50845	0.00728348	0.00619753	0	0.003125	50	0.00014
180	59.3698	9.66534	0.00742122	0.00618989	0	0.002875	50	5e-05
270	59.9969	10.3045	0.00749962	0.00619207	0	0.00275	50	7e-05
360	59.3027	9.5713	0.00741283	0.00617006	0	0.0035	50	9e-05
450	60.0457	9.96961	0.00750572	0.00616348	0	0.003375	50	4e-05
540	60.5497	10.2517	0.00756871	0.00614897	0	0.003125	50	3e-05
630	60.4598	10.4687	0.00755748	0.00614545	0	0.0035	50	1e-05
720	60.197	10.6226	0.00752463	0.00612851	0	0.001625	49	1e-05
810	60.1045	10.0557	0.00751306	0.0061048	0	0.002625	50	6e-05
900	60.4223	10.2982	0.00755279	0.00606207	0	0.002625	49	1e-05
990	59.6349	10.4586	0.00745436	0.00600701	0	0.002625	49	1e-05

Mon Jan 15 15:54:10 2018

N = 100000
u = 0.004, v = 1e-06
initialTE = 50
propAffectW = 1
a = 0.00051, b = 0.00039
chrom# = 16, ploidy# = haploid

GEN	n	Vn	x	Vx	empty	fixed	min#	minFreq
0	50	0	0.006125	0.00608825	0.993875	0.006125	50	1
90	52.5377	7.99022	0.00656722	0.00558276	0.004875	0.0025	45	0.00064
180	54.094	9.45632	0.00676175	0.0055774	0	0.002875	45	0.00012
270	54.74	9.62844	0.00684249	0.00558531	0	0.002375	45	3e-05
360	54.794	10.3249	0.00684925	0.00558939	0	0.0035	45	4e-05
450	55.1214	9.71273	0.00689018	0.00559113	0	0.0025	46	0.00022
540	54.3848	9.3675	0.0067981	0.00560857	0	0.003125	45	3e-05
630	54.2516	9.58116	0.00678146	0.00560385	0	0.002875	45	6e-05
720	54.4621	9.50682	0.00680776	0.00559668	0	0.003125	45	8e-05
810	54.8145	9.58089	0.00685182	0.00558735	0	0.00275	45	3e-05
900	55.7078	10.1697	0.00696348	0.00559404	0	0.0025	45	1e-05
990	55.6386	10.151	0.00695482	0.00559455	0	0.00225	45	2e-05

Mon Jan 15 16:46:17 2018

N = 100000
u = 0.004, v = 1e-06
initialTE = 50
propAffectW = 1
a = 0.00051, b = 0.00039
chrom# = 16, ploidy# = haploid

GEN	n	Vn	x	Vx	empty	fixed	min#	minFreq
0	50	0	0.00625	0.00621171	0.99375	0.00625	50	1
90	58.1367	8.84783	0.00726708	0.00619673	0	0.00375	50	0.00036
180	58.7117	9.51548	0.00733897	0.00619877	0	0.002625	50	0.00035
270	59.0941	9.13005	0.00738676	0.00619938	0	0.003	50	0.00011
360	59.7387	9.93348	0.00746734	0.0061963	0	0.0025	49	3e-05
450	57.036	8.79702	0.0071295	0.00607798	0	0.003375	49	0.00039
540	57.8576	9.09773	0.00723219	0.00607482	0	0.00275	49	0.00015
630	59.0808	10.0623	0.0073851	0.00607333	0	0.00325	49	1e-05
720	59.5737	9.71047	0.00744671	0.00609023	0	0.00375	50	0.00014
810	57.8903	9.19653	0.00723629	0.00610846	0	0.00275	49	9e-05
900	58.1686	9.38455	0.00727108	0.00607132	0	0.0035	49	7e-05
990	58.8479	9.58418	0.00735598	0.00608326	0	0.00325	49	3e-05

Mon Jan 15 18:12:34 2018

N = 100000
u = 0.004, v = 1e-06
initialTE = 50
propAffectW = 1
a = 0.00051, b = 0.00039
chrom# = 16, ploidy# = haploid

GEN	n	Vn	x	Vx	empty	fixed	min#	minFreq
0	50	0	0.00625	0.00621171	0.99375	0.00625	50	1
90	58.1501	8.59195	0.00726876	0.00619799	0	0.00275	50	0.0003
180	59.2185	9.12571	0.00740231	0.00620057	0	0.003375	50	0.0001
270	60.4505	10.0504	0.00755632	0.00620245	0	0.003	51	0.00014
360	61.1379	9.92978	0.00764224	0.00621675	0	0.003	51	6e-05
450	59.6147	9.43834	0.00745184	0.0062645	0	0.003	50	2e-05
540	60.668	9.76026	0.0075835	0.00622792	0	0.00325	50	2e-05
630	58.2933	9.23064	0.00728666	0.00620742	0	0.002875	50	0.00041
720	59.0793	9.66799	0.00738492	0.00619967	0.000125	0.003875	50	0.00018
810	58.7026	9.20433	0.00733783	0.00620011	0	0.003625	50	0.00021
900	59.2645	9.45553	0.00740807	0.006206	0	0.003	50	0.00012
990	60.2311	9.77979	0.00752889	0.00620693	0	0.002625	50	2e-05

Mon Jan 15 19:41:26 2018

N = 100000
u = 0.004, v = 1e-06
initialTE = 50
propAffectW = 1
a = 0.00051, b = 0.00039
chrom# = 16, ploidy# = haploid

GEN	n	Vn	x	Vx	empty	fixed	min#	minFreq
0	50	0	0.00625	0.00621171	0.99375	0.00625	50	1
90	58.1323	8.69663	0.00726653	0.00619414	0	0.00325	50	0.00032
180	60.1999	9.63847	0.00752499	0.00617628	0	0.003	51	0.00026
270	60.1277	10.6878	0.00751597	0.00615102	0	0.00325	50	4e-05
360	60.065	9.97441	0.00750812	0.0061395	0	0.003125	50	3e-05
450	60.0282	10.815	0.00750352	0.00606755	0	0.001875	48	1e-05
540	59.3376	10.3124	0.0074172	0.00596413	0	0.002875	49	5e-05
630	57.6606	9.93078	0.00720758	0.00593341	0	0.00275	48	5e-05
720	57.9834	10.64	0.00724793	0.00581296	0	0.002	47	1e-05
810	56.4486	9.92182	0.00705608	0.00572679	0	0.00225	46	3e-05
900	57.2981	9.83647	0.00716227	0.00570567	0	0.003375	47	5e-05
990	56.6007	10.0895	0.00707509	0.00571547	0	0.002875	47	0.00018
