
Tue Jan  9 09:59:41 2018

N = 100000
u = 1e-06, v = 1e-06
initialTE = 50
propAffectW = 1
a = 0.00051, b = 0.00039
chrom# = 16, ploidy# = haploid

GEN	n	Vn	x	Vx	empty	fixed	min#	minFreq
0	50	0	0.00625	0.00621171	0.99375	0.00625	50	1
90	49.9918	0.0123627	0.00624897	0.00620915	0.989875	0.00275	49	0.01032
180	49.9251	0.0724992	0.00624064	0.00619277	0.98875	0.002	48	1e-05
270	49.647	0.243265	0.00620587	0.00612555	0.989875	0.001375	48	0.00566
360	49.1632	0.277155	0.0061454	0.0060125	0.98975	0.00125	47	0.00011
450	48.6572	0.320565	0.00608215	0.00589902	0.989625	0.00125	46	2e-05
540	48.164	0.24934	0.0060205	0.00580955	0.989125	0.000375	46	0.00063
630	47.7161	0.312326	0.00596451	0.00572507	0.989125	0.000375	46	0.01733
720	46.9839	0.478255	0.00587298	0.00561836	0.988	0.000125	45	0.00364
810	46.2567	0.343138	0.00578209	0.00557822	0.98975	0.0005	44	0.00011
900	45.7278	0.30561	0.00571597	0.0054861	0.989375	0.0005	43	0.00021
990	45.2261	0.31756	0.00565326	0.00535354	0.991	0.0005	43	0.0115

Tue Jan  9 10:58:10 2018

N = 100000
u = 1e-06, v = 1e-06
initialTE = 50
propAffectW = 1
a = 0.00051, b = 0.00039
chrom# = 16, ploidy# = haploid

GEN	n	Vn	x	Vx	empty	fixed	min#	minFreq
0	50	0	0.00625	0.00621171	0.99375	0.00625	50	1
90	49.989	0.0159685	0.00624862	0.00620835	0.990375	0.001875	49	0.01355
180	49.9249	0.0744922	0.00624061	0.00619253	0.99075	0.00175	48	0.00045
270	49.645	0.256498	0.00620563	0.00612464	0.990625	0.00125	47	4e-05
360	49.0703	0.382885	0.00613379	0.00599114	0.989125	0.001125	47	0.00267
450	48.3956	0.367353	0.00604945	0.00586089	0.99025	0.000625	46	0.00013
540	47.7796	0.404096	0.00597244	0.00575797	0.988875	0.0005	46	0.03522
630	46.8749	0.600954	0.00585937	0.00561083	0.989875	0.000125	44	0.0003
720	46.1194	0.40123	0.00576493	0.00556911	0.990375	0.00075	44	0.01999
810	45.1163	0.862228	0.00563954	0.0054606	0.989125	0.000875	43	0.00154
900	44.1735	0.248301	0.00552168	0.00544012	0.990625	0.001625	43	0.01344
990	43.9357	0.112732	0.00549197	0.00544107	0.99025	0.001125	42	0.00083

Tue Jan  9 11:53:17 2018

N = 100000
u = 1e-06, v = 1e-06
initialTE = 50
propAffectW = 1
a = 0.00051, b = 0.00039
chrom# = 16, ploidy# = haploid

GEN	n	Vn	x	Vx	empty	fixed	min#	minFreq
0	50	0	0.00625	0.00621171	0.99375	0.00625	50	1
90	49.9883	0.0168935	0.00624854	0.00620816	0.989125	0.0025	48	7e-05
180	49.9103	0.0872184	0.00623879	0.00618901	0.98925	0.001875	48	0.00085
270	49.5445	0.343901	0.00619307	0.0061003	0.989875	0.000875	47	1e-05
360	48.7074	0.48021	0.00608842	0.00592781	0.98875	0.00075	46	1e-05
450	48.0606	0.294146	0.00600758	0.00586871	0.9905	0.000375	46	0.00037
540	47.5343	0.313606	0.00594179	0.00580018	0.99	0.0005	46	0.01486
630	47.0007	0.305613	0.00587509	0.0056967	0.98925	0.00075	45	0.00028
720	46.478	0.314739	0.00580975	0.00561453	0.9895	0.0005	44	1e-05
810	46.0145	0.238571	0.00575182	0.00558003	0.99	0.001125	44	0.00164
900	45.5455	0.350975	0.00569318	0.00548246	0.98925	0.000625	44	0.03863
990	44.8973	0.422785	0.00561216	0.00534113	0.990625	0.000875	43	0.00108

Tue Jan  9 12:52:42 2018

N = 100000
u = 1e-06, v = 1e-06
initialTE = 50
propAffectW = 1
a = 0.00051, b = 0.00039
chrom# = 16, ploidy# = haploid

GEN	n	Vn	x	Vx	empty	fixed	min#	minFreq
0	50	0	0.00625	0.00621171	0.99375	0.00625	50	1
90	49.9914	0.0123055	0.00624892	0.0062091	0.990625	0.002	49	0.01051
180	49.9351	0.0651825	0.00624189	0.00619512	0.989875	0.00075	48	7e-05
270	49.6769	0.223345	0.00620961	0.00613282	0.9895	0.00075	48	0.00082
360	49.2231	0.226769	0.00615289	0.00602813	0.989125	0.000875	47	0.00016
450	48.8719	0.237096	0.00610899	0.00594786	0.989875	0.000375	47	0.00642
540	48.266	0.42617	0.00603324	0.00582397	0.9895	0.000625	46	0.00039
630	47.5295	0.368313	0.00594119	0.00571565	0.990125	0.0005	46	0.01037
720	47.0421	0.19547	0.00588026	0.00569121	0.99	0.00075	45	2e-05
810	46.6565	0.264197	0.00583206	0.00565455	0.99	0.00075	45	0.00383
900	46.1604	0.255835	0.00577005	0.00557695	0.989625	0.001	44	1e-05
990	45.7105	0.283009	0.00571381	0.00549288	0.9885	0.0005	44	0.00553

Tue Jan  9 13:54:00 2018

N = 100000
u = 1e-06, v = 1e-06
initialTE = 50
propAffectW = 1
a = 0.00051, b = 0.00039
chrom# = 16, ploidy# = haploid

GEN	n	Vn	x	Vx	empty	fixed	min#	minFreq
0	50	0	0.00625	0.00621171	0.99375	0.00625	50	1
90	49.9902	0.0168339	0.00624877	0.00620839	0.989375	0.00325	49	0.01337
180	49.9175	0.0821779	0.00623969	0.00619055	0.988625	0.001875	48	6e-05
270	49.623	0.247509	0.00620288	0.00612025	0.988875	0.00175	48	0.00467
360	49.142	0.269633	0.00614275	0.00601096	0.989875	0.001125	47	0.00062
450	48.6353	0.343155	0.00607941	0.00590936	0.989375	0.000875	46	2e-05
540	47.9543	0.390137	0.00599429	0.00579873	0.99	0.00075	46	0.00267
630	47.3098	0.356264	0.00591372	0.00567326	0.989375	0.001125	46	0.05556
720	46.731	0.328222	0.00584138	0.00559004	0.988625	0.0005	45	0.00281
810	46.2168	0.278078	0.0057771	0.00556999	0.989125	0.00075	45	0.04772
900	45.7713	0.275086	0.00572141	0.00554498	0.990375	0.000375	44	0.00192
990	45.2803	0.293322	0.00566003	0.00548372	0.99075	0.00025	43	0.00029

Tue Jan  9 14:53:11 2018

N = 100000
u = 1e-06, v = 1e-06
initialTE = 50
propAffectW = 1
a = 0.00051, b = 0.00039
chrom# = 16, ploidy# = haploid

GEN	n	Vn	x	Vx	empty	fixed	min#	minFreq
0	50	0	0.00625	0.00621171	0.99375	0.00625	50	1
90	49.9917	0.0146611	0.00624896	0.00620886	0.990375	0.002625	48	4e-05
180	49.9175	0.0975413	0.00623969	0.00619063	0.990125	0.001625	48	0.00809
270	49.377	0.607377	0.00617212	0.00606573	0.989375	0.001125	47	0.00155
360	48.2759	0.387659	0.00603449	0.00591731	0.98975	0.001375	47	0.02952
450	47.8341	0.225813	0.00597926	0.00589617	0.991	0.0015	46	0.00342
540	47.3203	0.344901	0.00591503	0.00581769	0.98825	0.000875	45	0.00021
630	46.7164	0.351739	0.00583955	0.00570237	0.98925	0.001	45	0.00239
720	46.2073	0.249177	0.00577591	0.00563218	0.9895	0.001125	44	1e-05
810	45.8297	0.237973	0.00572871	0.00560015	0.99025	0.000625	44	0.00131
900	45.3841	0.30949	0.00567301	0.00553891	0.989875	0.00075	43	0.00307
990	44.7642	0.54502	0.00559552	0.00545263	0.989625	0.00075	42	0.00085

Tue Jan  9 15:59:05 2018

N = 100000
u = 1e-06, v = 1e-06
initialTE = 50
propAffectW = 1
a = 0.00051, b = 0.00039
chrom# = 16, ploidy# = haploid

GEN	n	Vn	x	Vx	empty	fixed	min#	minFreq
0	50	0	0.00625	0.00621171	0.99375	0.00625	50	1
90	49.9909	0.0127264	0.00624886	0.00620898	0.990125	0.001375	49	0.01098
180	49.9284	0.0690484	0.00624105	0.00619367	0.99025	0.001375	48	0.00013
270	49.6776	0.227103	0.00620971	0.00613171	0.989125	0.001125	48	0.00198
360	49.228	0.252797	0.0061535	0.00602446	0.990625	0.00125	47	4e-05
450	48.8672	0.224444	0.0061084	0.00594467	0.98875	0.0005	47	0.00221
540	48.384	0.316509	0.006048	0.00587582	0.989	0.00025	47	0.03416
630	47.8848	0.283861	0.0059856	0.00583557	0.989875	0.000125	46	0.00198
720	47.3428	0.308405	0.00591785	0.00577091	0.99	0.000125	46	0.03329
810	46.827	0.301021	0.00585338	0.0056917	0.98975	0.0005	45	0.00066
900	46.3307	0.257947	0.00579133	0.00564092	0.989	0.001375	44	3e-05
990	45.9762	0.171677	0.00574703	0.00563272	0.989125	0.0015	44	0.00049

Tue Jan  9 17:12:50 2018

N = 100000
u = 1e-06, v = 1e-06
initialTE = 50
propAffectW = 1
a = 0.00051, b = 0.00039
chrom# = 16, ploidy# = haploid

GEN	n	Vn	x	Vx	empty	fixed	min#	minFreq
0	50	0	0.00625	0.00621171	0.99375	0.00625	50	1
90	49.9971	0.00667142	0.00624963	0.00621052	0.99025	0.002625	49	0.00481
180	49.9708	0.0337665	0.00624635	0.0062038	0.989375	0.002	48	5e-05
270	49.8248	0.151332	0.0062281	0.00616777	0.9895	0.000625	48	0.00059
360	49.454	0.26569	0.00618175	0.00607958	0.989625	0.000875	48	0.00808
450	49.0476	0.165436	0.00613095	0.00598868	0.988625	0.00025	47	8e-05
540	48.7272	0.233401	0.00609089	0.0059196	0.989125	0.00025	47	0.00064
630	48.2524	0.233352	0.00603155	0.00583045	0.98975	0.000125	46	0.00187
720	47.7869	0.443602	0.00597336	0.00574204	0.9905	0.000375	45	0.00025
810	46.5619	0.708114	0.00582024	0.00562004	0.98775	0.000375	45	0.00925
900	45.9791	0.157083	0.00574738	0.00566374	0.989	0.0005	44	0.00013
990	45.6885	0.242398	0.00571106	0.00562141	0.9885	0.000375	44	0.00815

Tue Jan  9 18:22:43 2018

N = 100000
u = 1e-06, v = 1e-06
initialTE = 50
propAffectW = 1
a = 0.00051, b = 0.00039
chrom# = 16, ploidy# = haploid

GEN	n	Vn	x	Vx	empty	fixed	min#	minFreq
0	50	0	0.00625	0.00621171	0.99375	0.00625	50	1
90	49.9927	0.012397	0.00624909	0.00620926	0.989125	0.003125	48	2e-05
180	49.9208	0.078725	0.0062401	0.00619149	0.988375	0.001625	48	0.00023
270	49.6401	0.250146	0.00620502	0.00612427	0.98975	0.001	47	4e-05
360	49.0871	0.332082	0.00613589	0.00599793	0.9895	0.0005	47	3e-05
450	48.5144	0.301177	0.0060643	0.00587234	0.98875	0.000625	47	0.00183
540	48.1079	0.162896	0.00601348	0.00579493	0.98925	0.00025	46	0.00049
630	47.8079	0.261931	0.00597598	0.00572907	0.989	0.000625	45	9e-05
720	46.971	0.695298	0.00587138	0.00556317	0.989375	0.000625	45	0.00553
810	46.1019	0.306668	0.00576273	0.00552852	0.99125	0.000625	44	7e-05
900	45.6508	0.278693	0.00570635	0.00550785	0.989375	0.000875	44	0.00126
990	45.2147	0.210709	0.00565184	0.00544634	0.99	0.00075	43	0.0001

Tue Jan  9 19:32:03 2018

N = 100000
u = 1e-06, v = 1e-06
initialTE = 50
propAffectW = 1
a = 0.00051, b = 0.00039
chrom# = 16, ploidy# = haploid

GEN	n	Vn	x	Vx	empty	fixed	min#	minFreq
0	50	0	0.00625	0.00621171	0.99375	0.00625	50	1
90	49.9965	0.0102879	0.00624956	0.00620998	0.988	0.003125	49	0.0069
180	49.955	0.0490882	0.00624438	0.00619982	0.98875	0.001875	48	0.00095
270	49.7382	0.234073	0.00621727	0.00614679	0.9885	0.0015	48	0.01786
360	49.0031	0.551306	0.00612539	0.00598626	0.9895	0.000875	47	0.00401
450	48.171	0.354803	0.00602137	0.00586515	0.989375	0.00075	46	0.00117
540	47.5896	0.343762	0.0059487	0.00574997	0.989	0.00075	46	0.02495
630	46.9416	0.408429	0.0058677	0.00560723	0.98925	0.001125	45	0.00507
720	46.2881	0.392098	0.00578601	0.00550769	0.989	0.001	44	0.00029
810	45.6283	0.383913	0.00570353	0.00547299	0.98975	0.00075	43	0.00234
900	44.8856	0.671587	0.0056107	0.00541955	0.9895	0.000875	42	0.00017
990	43.4749	0.676056	0.00543436	0.00531206	0.990625	0.001	42	0.01151
