
Mon Jan 15 13:53:41 2018

N = 100000
u = 0.004, v = 1e-06
initialTE = 50
propAffectW = 1
a = 0.00051, b = 0.00039
chrom# = 16, ploidy# = haploid

GEN	n	Vn	x	Vx	empty	fixed	min#	minFreq
0	50	0	0.00625	0.00621171	0.99375	0.00625	50	1
90	58.1231	9.04911	0.00726539	0.00619667	0	0.002125	50	0.00047
180	59.6	9.08997	0.00745	0.0061892	0	0.00275	52	0.00194
270	60.8039	9.30404	0.00760049	0.0061953	0	0.003125	53	0.00082
360	61.8	9.82828	0.007725	0.00624901	0	0.002875	53	0.00039
450	62.6088	9.99321	0.0078261	0.0063828	0	0.002875	54	0.00017
540	63.4912	9.68416	0.0079364	0.00636255	0	0.00325	56	0.00212
630	65.3836	9.57933	0.00817295	0.00643742	0	0.002375	57	0.00096
720	65.4762	10.5172	0.00818452	0.00664386	0	0.0035	57	0.00035
810	67.3696	9.48466	0.00842119	0.0065337	0	0.002125	58	8e-05
900	67.1212	10.1693	0.00839015	0.00706028	0	0.002625	58	0.00019
990	67.3552	10.4383	0.00841939	0.00715582	0	0.003875	58	0.00035

Mon Jan 15 15:28:06 2018

N = 100000
u = 0.004, v = 1e-06
initialTE = 50
propAffectW = 1
a = 0.00051, b = 0.00039
chrom# = 16, ploidy# = haploid

GEN	n	Vn	x	Vx	empty	fixed	min#	minFreq
0	50	0	0.006125	0.00608825	0.993875	0.006125	50	1
90	58.2516	9.08382	0.00715648	0.00607386	0	0.002875	50	0.00033
180	59.4911	10.2259	0.00731139	0.0060669	0	0.00225	50	0.00083
270	59.3396	9.44361	0.00729245	0.00607669	0	0.00325	51	0.00056
360	60.407	9.60114	0.00742588	0.00610699	0	0.00375	52	0.00026
450	61.7525	9.43288	0.00759407	0.00614659	0	0.003625	53	0.00017
540	62.6588	9.95347	0.00770735	0.00633387	0	0.003625	53	0.00032
630	61.3593	10.1903	0.00754492	0.00643398	0	0.0025	53	0.00012
720	63.1136	9.82905	0.0077642	0.00644576	0	0.00275	54	0.00033
810	63.5596	9.4052	0.00781996	0.00649173	0	0.003625	55	7e-05
900	64.605	9.83968	0.00795062	0.00660451	0	0.003125	56	0.00015
990	66.4284	9.64799	0.00817855	0.00669644	0	0.00375	57	0.00019

Mon Jan 15 16:30:34 2018

N = 100000
u = 0.004, v = 1e-06
initialTE = 50
propAffectW = 1
a = 0.00051, b = 0.00039
chrom# = 16, ploidy# = haploid

GEN	n	Vn	x	Vx	empty	fixed	min#	minFreq
0	50	0	0.00625	0.00621171	0.99375	0.00625	50	1
90	58.0622	9.08659	0.00725777	0.00619752	0	0.0025	50	0.00029
180	59.0983	10.2263	0.00738728	0.00620108	0	0.002125	50	0.0002
270	59.5358	9.70244	0.00744197	0.00620757	0	0.002125	51	0.00031
360	60.0401	9.38496	0.00750501	0.00627795	0	0.002625	52	0.00057
450	61.1071	9.67333	0.00763839	0.00629238	0	0.002875	53	0.00092
540	61.3568	9.7282	0.0076696	0.00644079	0	0.003	53	0.0004
630	61.8881	9.54427	0.00773601	0.00651005	0	0.003625	53	0.00012
720	61.397	10.298	0.00767462	0.00656032	0	0.003	53	0.00023
810	62.072	10.0243	0.007759	0.00657038	0	0.003375	53	0.00026
900	63.0461	9.09047	0.00788077	0.00657336	0	0.003	55	0.00022
990	64.8152	9.45163	0.0081019	0.00658791	0	0.002875	56	1e-05

Mon Jan 15 18:07:25 2018

N = 100000
u = 0.004, v = 1e-06
initialTE = 50
propAffectW = 1
a = 0.00051, b = 0.00039
chrom# = 16, ploidy# = haploid

GEN	n	Vn	x	Vx	empty	fixed	min#	minFreq
0	50	0	0.00625	0.00621171	0.99375	0.00625	50	1
90	58.2132	8.77156	0.00727665	0.00619398	0	0.002375	50	0.00014
180	59.1772	10.1823	0.00739715	0.00617465	0	0.003	51	0.00044
270	60.8512	9.45706	0.0076064	0.00618086	0	0.002875	52	4e-05
360	61.6384	10.3307	0.0077048	0.00627216	0	0.003	53	0.0011
450	61.5689	9.6441	0.00769612	0.00630162	0	0.002875	53	0.00031
540	61.4513	9.47544	0.00768141	0.00650337	0	0.003875	53	0.00031
630	61.6711	10.7306	0.00770889	0.00657084	0	0.00275	53	0.0003
720	62.3417	9.67085	0.00779272	0.00657282	0	0.003375	54	0.00035
810	63.4849	9.79971	0.00793561	0.0066037	0	0.00275	55	2e-05
900	64.8508	10.0383	0.00810634	0.006638	0	0.003125	56	0.00031
990	65.3252	10.413	0.00816565	0.0066912	0	0.002875	56	0.00049

Mon Jan 15 19:48:19 2018

N = 100000
u = 0.004, v = 1e-06
initialTE = 50
propAffectW = 1
a = 0.00051, b = 0.00039
chrom# = 16, ploidy# = haploid

GEN	n	Vn	x	Vx	empty	fixed	min#	minFreq
0	50	0	0.00625	0.00621171	0.99375	0.00625	50	1
90	58.2445	8.96841	0.00728056	0.00619706	0	0.002875	49	1e-05
180	58.5518	10.2717	0.00731897	0.00610867	0	0.0025	50	0.00039
270	59.9711	9.54628	0.00749638	0.00611411	0	0.00275	52	0.00128
360	60.5036	10.744	0.00756295	0.00618744	0	0.003625	52	0.00099
450	61.0127	10.1453	0.00762659	0.00643895	0	0.003125	53	0.00123
540	61.806	9.55667	0.00772575	0.00646964	0	0.003125	54	0.00108
630	62.9561	10.1767	0.00786951	0.00650912	0	0.00275	54	7e-05
720	64.2878	9.75349	0.00803597	0.00661078	0	0.002375	56	0.00076
810	65.0477	9.81118	0.00813096	0.00670097	0	0.002625	57	0.00087
900	66.1925	9.30437	0.00827406	0.00689201	0	0.003	58	0.00038
990	67.4199	10.3636	0.00842748	0.00694078	0	0.003	58	0.00048

Mon Jan 15 21:03:39 2018

N = 100000
u = 0.004, v = 1e-06
initialTE = 50
propAffectW = 1
a = 0.00051, b = 0.00039
chrom# = 16, ploidy# = haploid

GEN	n	Vn	x	Vx	empty	fixed	min#	minFreq
0	50	0	0.00625	0.00621171	0.99375	0.00625	50	1
90	58.1641	9.01494	0.00727052	0.00619327	0	0.002	50	1e-05
180	60.4105	9.28881	0.00755132	0.00616679	0	0.00275	52	0.00018
270	61.2126	10.1829	0.00765157	0.00621254	0	0.00225	52	4e-05
360	60.7142	10.9994	0.00758928	0.00636007	0	0.00275	52	0.0009
450	60.9532	9.40952	0.00761915	0.00644633	0	0.003	52	0.00024
540	61.4801	9.85808	0.00768501	0.00645199	0	0.003625	53	0.00104
630	61.8561	9.65353	0.00773202	0.00646768	0	0.002625	53	0.0002
720	63.2518	9.95093	0.00790647	0.00650983	0	0.00275	54	0.00021
810	63.1793	9.73351	0.00789742	0.00661806	0	0.003	54	0.00031
900	62.7653	10.7057	0.00784566	0.00667026	0	0.00275	54	0.00056
990	63.3941	9.58032	0.00792426	0.00669439	0	0.003375	55	0.00033

Mon Jan 15 22:26:30 2018

N = 100000
u = 0.004, v = 1e-06
initialTE = 50
propAffectW = 1
a = 0.00051, b = 0.00039
chrom# = 16, ploidy# = haploid

GEN	n	Vn	x	Vx	empty	fixed	min#	minFreq
0	50	0	0.00625	0.00621171	0.99375	0.00625	50	1
90	58.0931	9.08295	0.00726163	0.00619494	0	0.002875	50	0.00059
180	59.9224	9.00743	0.0074903	0.00617125	0	0.002375	52	0.00033
270	61.765	8.77474	0.00772062	0.0061775	0	0.003125	53	5e-05
360	62.2161	9.68466	0.00777702	0.00639386	0	0.003375	54	0.00084
450	63.1101	10.0527	0.00788876	0.00659521	0	0.00275	55	0.00056
540	64.7301	9.90769	0.00809126	0.00663459	0	0.00325	56	0.00019
630	66.0631	9.42064	0.00825789	0.00670411	0	0.003625	58	0.00066
720	67.6442	9.76622	0.00845553	0.00692041	0	0.003	59	0.0006
810	67.6182	9.29367	0.00845227	0.0071476	0	0.003125	59	0.00013
900	68.4968	9.73203	0.0085621	0.00721491	0	0.004125	60	0.00021
990	69.2179	9.33061	0.00865224	0.00723212	0	0.00325	60	0.00029

Tue Jan 16 00:09:15 2018

N = 100000
u = 0.004, v = 1e-06
initialTE = 50
propAffectW = 1
a = 0.00051, b = 0.00039
chrom# = 16, ploidy# = haploid

GEN	n	Vn	x	Vx	empty	fixed	min#	minFreq
0	50	0	0.00625	0.00621171	0.99375	0.00625	50	1
90	58.2594	9.26697	0.00728243	0.00619437	0	0.003625	50	0.00112
180	58.8745	10.0385	0.00735931	0.00612555	0	0.00325	50	0.00065
270	59.8037	8.92236	0.00747546	0.00617688	0	0.0035	51	6e-05
360	61.211	9.56682	0.00765137	0.00622301	0	0.00275	53	0.00053
450	62.2594	10.2102	0.00778242	0.00631891	0	0.003125	54	0.00099
540	63.2636	9.06158	0.00790795	0.00640511	0	0.00225	55	0.00038
630	64.3624	9.17513	0.0080453	0.0065576	0	0.003375	56	7e-05
720	65.7195	9.9505	0.00821494	0.00669899	0	0.003	58	0.00136
810	67.6255	9.83767	0.00845319	0.00685107	0	0.0025	59	0.00015
900	68.7459	10.4537	0.00859324	0.00713337	0	0.0025	60	0.0011
990	69.1812	9.61212	0.00864765	0.00732765	0	0.002125	60	3e-05

Tue Jan 16 01:19:38 2018

N = 100000
u = 0.004, v = 1e-06
initialTE = 50
propAffectW = 1
a = 0.00051, b = 0.00039
chrom# = 16, ploidy# = haploid

GEN	n	Vn	x	Vx	empty	fixed	min#	minFreq
0	50	0	0.00625	0.00621171	0.99375	0.00625	50	1
90	58.1702	8.31092	0.00727127	0.00619852	0	0.002625	50	6e-05
180	59.7985	9.39071	0.00747481	0.00620531	0	0.003	51	2e-05
270	60.4106	9.28911	0.00755133	0.00624317	0	0.003	52	0.0005
360	60.9554	10.3995	0.00761942	0.0063408	0	0.003	52	0.00046
450	60.9128	9.76207	0.0076141	0.00644105	0	0.00275	52	0.00014
540	61.7078	9.3035	0.00771348	0.00644981	0	0.004	54	0.00066
630	63.3816	9.3078	0.0079227	0.00647123	0	0.002875	55	0.00032
720	64.6399	9.29527	0.00807998	0.00652449	0	0.002875	55	0.00021
810	63.2927	10.2822	0.00791159	0.00674049	0	0.00325	55	0.00167
900	64.2305	9.15236	0.00802882	0.0068146	0	0.003625	55	0.0001
990	64.1795	11.1041	0.00802243	0.00681065	0	0.004	55	0.00051

Tue Jan 16 02:13:12 2018

N = 100000
u = 0.004, v = 1e-06
initialTE = 50
propAffectW = 1
a = 0.00051, b = 0.00039
chrom# = 16, ploidy# = haploid

GEN	n	Vn	x	Vx	empty	fixed	min#	minFreq
0	50	0	0.00625	0.00621171	0.99375	0.00625	50	1
90	58.0437	9.17203	0.00725546	0.00619838	0	0.00225	50	0.00017
180	59.8824	9.91129	0.0074853	0.00620224	0	0.002375	51	2e-05
270	60.688	9.72131	0.00758599	0.00624746	0	0.003375	52	0.00014
360	61.9207	9.42591	0.00774009	0.00630754	0	0.002125	54	0.00098
450	62.4473	9.8614	0.00780591	0.00653259	0	0.003625	54	0.00135
540	62.895	9.69148	0.00786187	0.00666944	0	0.0035	54	0.00022
630	63.4475	10.3484	0.00793094	0.0066928	0	0.003	54	0.00042
720	63.4348	9.81967	0.00792935	0.00669173	0	0.003625	55	0.0007
810	64.3789	9.48261	0.00804737	0.00677271	0	0.004125	56	0.00047
900	65.03	10.2455	0.00812875	0.00686896	0	0.0035	56	6e-05
990	65.8928	9.99428	0.0082366	0.00689627	0	0.00275	57	0.00044
