
Mon Jan 15 13:52:29 2018

N = 100000
u = 0.003, v = 1e-06
initialTE = 50
propAffectW = 1
a = 0.00051, b = 0.00039
chrom# = 16, ploidy# = haploid

GEN	n	Vn	x	Vx	empty	fixed	min#	minFreq
0	50	0	0.00625	0.00621171	0.99375	0.00625	50	1
90	56.1995	6.46656	0.00702493	0.00619742	0.00025	0.00225	49	4e-05
180	57.0798	7.34058	0.00713498	0.00616731	0	0.00125	48	1e-05
270	56.6982	7.59564	0.00708727	0.00609806	0	0.002875	49	0.00038
360	56.4511	7.60164	0.00705639	0.00600411	0.000125	0.002125	48	6e-05
450	55.8751	7.72675	0.00698438	0.00594078	0	0.002625	47	3e-05
540	54.2733	7.74029	0.00678416	0.00586716	0	0.0025	46	2e-05
630	53.9722	7.45735	0.00674653	0.00580806	0	0.001625	46	7e-05
720	54.0624	7.49606	0.00675781	0.00577706	0	0.0035	46	5e-05
810	53.5076	7.36704	0.00668845	0.00573408	0	0.00275	46	0.0003
900	53.3782	7.61679	0.00667227	0.00569899	0	0.002625	45	1e-05
990	53.4146	7.69741	0.00667683	0.00568743	0.000125	0.00225	45	2e-05

Mon Jan 15 15:08:35 2018

N = 100000
u = 0.003, v = 1e-06
initialTE = 50
propAffectW = 1
a = 0.00051, b = 0.00039
chrom# = 16, ploidy# = haploid

GEN	n	Vn	x	Vx	empty	fixed	min#	minFreq
0	50	0	0.00625	0.00621171	0.99375	0.00625	50	1
90	56.1343	6.40913	0.00701678	0.00620084	0.00025	0.003125	49	2e-05
180	56.9856	7.46695	0.0071232	0.00618453	0	0.00275	49	0.0001
270	56.4111	7.65177	0.00705139	0.00611614	0	0.003875	49	0.00073
360	55.6809	7.16795	0.00696012	0.00607373	0.000125	0.002625	49	0.00177
450	56.2264	7.16137	0.0070283	0.0060696	0	0.003	48	1e-05
540	54.3778	7.3351	0.00679722	0.00595959	0	0.003375	48	0.00276
630	54.7465	7.37509	0.00684331	0.00592103	0.000125	0.002625	46	1e-05
720	54.0153	7.93273	0.00675192	0.00571829	0.000125	0.0025	45	2e-05
810	52.5814	7.55679	0.00657268	0.00561688	0.00025	0.003	45	0.00033
900	52.5692	7.46233	0.00657115	0.00559685	0	0.00175	45	0.00038
990	52.2408	7.56535	0.0065301	0.00558707	0	0.00225	45	0.00075

Mon Jan 15 15:57:49 2018

N = 100000
u = 0.003, v = 1e-06
initialTE = 50
propAffectW = 1
a = 0.00051, b = 0.00039
chrom# = 16, ploidy# = haploid

GEN	n	Vn	x	Vx	empty	fixed	min#	minFreq
0	50	0	0.00625	0.00621171	0.99375	0.00625	50	1
90	56.2601	6.45775	0.00703251	0.00619959	0	0.003375	49	1e-05
180	57.1563	7.33544	0.00714454	0.00619855	0	0.003625	50	0.00082
270	57.7365	7.74981	0.00721707	0.00619903	0	0.003125	50	0.00053
360	57.4145	7.32099	0.00717681	0.00620003	0.000125	0.003	50	0.00065
450	57.8154	7.60641	0.00722692	0.00619642	0	0.004	50	0.00039
540	56.6117	7.59593	0.00707646	0.00616382	0	0.0035	49	0.00021
630	56.8559	7.51504	0.00710699	0.00610834	0.000125	0.003125	49	0.0003
720	56.6226	7.79852	0.00707783	0.0060543	0.000125	0.002875	47	1e-05
810	55.8512	7.74999	0.0069814	0.00597503	0.000125	0.0035	47	3e-05
900	54.6394	7.69407	0.00682993	0.00585058	0	0.0025	47	0.00043
990	54.0754	7.45951	0.00675943	0.00582715	0	0.002875	46	1e-05

Mon Jan 15 16:59:20 2018

N = 100000
u = 0.003, v = 1e-06
initialTE = 50
propAffectW = 1
a = 0.00051, b = 0.00039
chrom# = 16, ploidy# = haploid

GEN	n	Vn	x	Vx	empty	fixed	min#	minFreq
0	50	0	0.00625	0.00621171	0.99375	0.00625	50	1
90	56.1853	6.6162	0.00702317	0.00619685	0.00025	0.00275	49	3e-05
180	56.5172	7.32748	0.00706465	0.00617424	0.000125	0.00325	49	0.00013
270	56.8304	7.51268	0.0071038	0.00609602	0	0.002375	48	2e-05
360	56.5672	7.55606	0.0070709	0.0060724	0.000125	0.003	49	0.00059
450	56.3133	7.78884	0.00703916	0.00605963	0.000125	0.002875	48	4e-05
540	56.0359	7.38442	0.00700449	0.00603974	0.000125	0.002625	48	0.0001
630	55.1859	7.2757	0.00689824	0.00597363	0	0.002875	48	0.00072
720	55.3488	7.73666	0.00691859	0.00591517	0	0.002	47	6e-05
810	54.8764	7.44216	0.00685954	0.00586669	0.00025	0.00225	47	0.00018
900	54.6091	7.6765	0.00682613	0.00581426	0	0.003	46	3e-05
990	53.9252	7.89728	0.00674066	0.00571771	0	0.003125	46	0.0004

Mon Jan 15 18:19:48 2018

N = 100000
u = 0.003, v = 1e-06
initialTE = 50
propAffectW = 1
a = 0.00051, b = 0.00039
chrom# = 16, ploidy# = haploid

GEN	n	Vn	x	Vx	empty	fixed	min#	minFreq
0	50	0	0.00625	0.00621171	0.99375	0.00625	50	1
90	56.1437	6.29953	0.00701797	0.0062012	0.000125	0.002875	49	1e-05
180	56.8404	7.48346	0.00710504	0.00619651	0.000125	0.0025	49	5e-05
270	57.0703	7.50882	0.00713379	0.00616258	0	0.00275	48	1e-05
360	56.8232	7.77094	0.0071029	0.00607617	0	0.00225	49	0.00027
450	55.6255	7.75103	0.00695319	0.0059743	0	0.003375	47	2e-05
540	54.9768	7.74888	0.0068721	0.00586652	0.000125	0.0025	47	0.00033
630	53.8584	7.40914	0.0067323	0.00582703	0.000125	0.003	47	0.00127
720	54.0243	7.34059	0.00675303	0.00581126	0	0.002375	46	8e-05
810	52.9523	7.59495	0.00661903	0.00571284	0	0.003	45	2e-05
900	52.3316	8.04926	0.00654145	0.00561172	0	0.00275	44	8e-05
990	51.4209	7.79135	0.00642762	0.00548566	0.000125	0.0025	43	1e-05

Mon Jan 15 19:45:29 2018

N = 100000
u = 0.003, v = 1e-06
initialTE = 50
propAffectW = 1
a = 0.00051, b = 0.00039
chrom# = 16, ploidy# = haploid

GEN	n	Vn	x	Vx	empty	fixed	min#	minFreq
0	50	0	0.00625	0.00621171	0.99375	0.00625	50	1
90	56.0766	6.43587	0.00700958	0.00619955	0	0.003	49	3e-05
180	57.0405	7.13209	0.00713006	0.00619554	0	0.003125	49	2e-05
270	56.8956	7.66323	0.00711195	0.00615307	0	0.002625	49	0.00022
360	56.6473	7.85825	0.00708092	0.00608797	0	0.003375	49	0.0006
450	55.8957	7.44547	0.00698696	0.0060526	0	0.0025	48	1e-05
540	56.1978	7.09969	0.00702473	0.00602569	0	0.002625	49	0.0006
630	55.7705	7.33234	0.00697132	0.00603417	0	0.003125	49	0.00153
720	56.2201	7.44372	0.00702751	0.00603506	0	0.00325	49	0.00082
810	55.8546	7.41248	0.00698182	0.00601301	0	0.00275	48	0.00015
900	55.5949	7.4428	0.00694936	0.00593625	0	0.003	48	0.00047
990	55.5751	7.80122	0.00694689	0.00589353	0	0.00225	47	8e-05

Mon Jan 15 20:50:06 2018

N = 100000
u = 0.003, v = 1e-06
initialTE = 50
propAffectW = 1
a = 0.00051, b = 0.00039
chrom# = 16, ploidy# = haploid

GEN	n	Vn	x	Vx	empty	fixed	min#	minFreq
0	50	0	0.00625	0.00621171	0.99375	0.00625	50	1
90	56.1822	6.30618	0.00702278	0.00619975	0	0.00275	49	2e-05
180	57.0973	7.31832	0.00713717	0.00619901	0	0.003375	50	0.0008
270	57.1764	7.57129	0.00714705	0.00619456	0	0.0025	50	0.001
360	57.7351	7.4969	0.00721688	0.00617728	0	0.003	49	1e-05
450	56.1281	7.56056	0.00701601	0.00611566	0.000125	0.003	48	4e-05
540	56.0265	7.45771	0.00700331	0.00605547	0.000125	0.002375	48	7e-05
630	56.2527	7.78862	0.00703158	0.005993	0	0.00275	48	0.00018
720	55.7651	7.77083	0.00697063	0.0059106	0.000125	0.002875	47	3e-05
810	54.9409	7.91833	0.00686761	0.00586403	0.000125	0.003	46	1e-05
900	54.3986	7.63332	0.00679982	0.00579592	0	0.00275	46	0.00011
990	53.1411	7.69155	0.00664264	0.00569104	0.000125	0.001625	45	0.00011

Mon Jan 15 21:52:42 2018

N = 100000
u = 0.003, v = 1e-06
initialTE = 50
propAffectW = 1
a = 0.00051, b = 0.00039
chrom# = 16, ploidy# = haploid

GEN	n	Vn	x	Vx	empty	fixed	min#	minFreq
0	50	0	0.00625	0.00621171	0.99375	0.00625	50	1
90	56.0491	6.37797	0.00700613	0.00619716	0	0.0025	49	7e-05
180	56.9896	7.23923	0.00712369	0.00618623	0	0.002875	49	3e-05
270	56.6807	7.19859	0.00708509	0.00615238	0	0.003375	49	0.0001
360	56.8317	7.50508	0.00710396	0.00608974	0	0.00275	49	0.00027
450	57.0928	7.68245	0.0071366	0.00605418	0	0.00325	49	0.0003
540	56.2757	7.74342	0.00703447	0.00603965	0	0.00275	48	2e-05
630	55.7507	7.47907	0.00696884	0.00602192	0	0.002	48	0.00016
720	55.732	7.6526	0.0069665	0.00594656	0.000125	0.003125	48	0.0004
810	55.2287	8.2543	0.00690358	0.00585364	0	0.003	46	1e-05
900	54.3286	7.69266	0.00679108	0.00575382	0	0.00225	45	2e-05
990	53.3762	8.19719	0.00667203	0.00563321	0.000125	0.002	45	0.00018

Mon Jan 15 23:14:37 2018

N = 100000
u = 0.003, v = 1e-06
initialTE = 50
propAffectW = 1
a = 0.00051, b = 0.00039
chrom# = 16, ploidy# = haploid

GEN	n	Vn	x	Vx	empty	fixed	min#	minFreq
0	50	0	0.00625	0.00621171	0.99375	0.00625	50	1
90	56.0968	6.36925	0.0070121	0.00619978	0	0.00275	49	1e-05
180	56.6351	7.04653	0.00707938	0.00619711	0	0.003125	49	1e-05
270	56.963	7.24182	0.00712038	0.00619942	0.000125	0.002875	50	0.0009
360	57.1249	7.43062	0.00714061	0.00619989	0	0.002875	49	1e-05
450	57.0524	7.64273	0.00713155	0.00618583	0.000125	0.00375	49	4e-05
540	57.1325	7.43869	0.00714156	0.00616696	0	0.0025	49	6e-05
630	56.8704	7.46934	0.0071088	0.00615813	0	0.00225	49	0.00012
720	56.535	7.58753	0.00706688	0.00609813	0	0.00225	48	2e-05
810	55.9565	7.63277	0.00699456	0.00600803	0	0.00275	47	1e-05
900	55.2863	7.67957	0.00691079	0.00591177	0	0.0025	47	6e-05
990	54.724	8.10517	0.0068405	0.00584413	0	0.002125	47	0.00054

Tue Jan 16 00:39:52 2018

N = 100000
u = 0.003, v = 1e-06
initialTE = 50
propAffectW = 1
a = 0.00051, b = 0.00039
chrom# = 16, ploidy# = haploid

GEN	n	Vn	x	Vx	empty	fixed	min#	minFreq
0	50	0	0.00625	0.00621171	0.99375	0.00625	50	1
90	56.1026	6.42159	0.00701283	0.00619478	0.000125	0.00275	49	0.00016
180	56.3566	7.56148	0.00704458	0.00611342	0	0.003125	48	1e-05
270	56.1957	7.34982	0.00702446	0.00607249	0	0.00375	48	1e-05
360	55.5337	7.13546	0.00694171	0.00606405	0.000125	0.002625	48	2e-05
450	55.8282	7.48401	0.00697853	0.00603521	0	0.00225	47	1e-05
540	55.5746	7.82913	0.00694683	0.00587739	0	0.00275	46	1e-05
630	54.1671	8.04841	0.00677089	0.00575429	0.000125	0.00225	46	0.00019
720	53.476	7.87378	0.0066845	0.00568439	0.000125	0.002625	45	3e-05
810	52.9194	7.81516	0.00661493	0.00560986	0	0.0025	44	2e-05
900	52.0269	8.23601	0.00650336	0.00545195	0	0.002375	42	1e-05
990	51.6352	7.80624	0.0064544	0.00533679	0.000125	0.00275	42	1e-05
