
Thu Jan 11 14:05:29 2018

N = 100000
u = 0.0002, v = 1e-06
initialTE = 50
propAffectW = 1
a = 0.00051, b = 0.00039
chrom# = 16, ploidy# = haploid

GEN	n	Vn	x	Vx	empty	fixed	min#	minFreq
0	50	0	0.00625	0.00621171	0.99375	0.00625	50	1
90	50.3994	0.406082	0.00629992	0.00620988	0.50475	0.003375	48	1e-05
180	50.4439	0.531099	0.00630549	0.00619947	0.479375	0.002375	48	0.00035
270	50.2313	0.737869	0.00627892	0.00614557	0.48125	0.0015	47	0.00025
360	49.509	1.18511	0.00618862	0.00597843	0.489125	0.001125	45	6e-05
450	47.9304	1.95057	0.0059913	0.00566481	0.503125	0.00075	42	3e-05
540	45.4636	2.0593	0.00568295	0.00529148	0.526625	0.000875	40	3e-05
630	43.4609	2.03751	0.00543262	0.00503153	0.525375	0.001375	38	9e-05
720	41.1773	2.11116	0.00514717	0.00472129	0.545375	0.001625	36	0.00013
810	39.0866	2.07026	0.00488582	0.00446938	0.5545	0.00125	34	5e-05
900	37.1813	1.97266	0.00464766	0.00425468	0.57875	0.00075	31	1e-05
990	35.3614	1.93298	0.00442017	0.0040653	0.578125	0.001	31	0.00023

Thu Jan 11 14:31:39 2018

N = 100000
u = 0.0002, v = 1e-06
initialTE = 50
propAffectW = 1
a = 0.00051, b = 0.00039
chrom# = 16, ploidy# = haploid

GEN	n	Vn	x	Vx	empty	fixed	min#	minFreq
0	50	0	0.00625	0.00621171	0.99375	0.00625	50	1
90	50.3998	0.420642	0.00629997	0.00620871	0.495	0.00325	49	0.00576
180	50.4255	0.551354	0.00630319	0.00619591	0.468375	0.002	48	0.00129
270	50.065	0.891247	0.00625812	0.00611134	0.4955	0.0015	46	0.00012
360	48.7577	1.86561	0.00609471	0.00582679	0.48925	0.0015	43	1e-05
450	46.3359	2.33701	0.00579199	0.00543498	0.512875	0.000625	41	0.00027
540	43.6324	2.39749	0.00545405	0.00505659	0.5325	0.001	38	4e-05
630	41.2336	2.20524	0.00515421	0.00476497	0.54575	0.00075	36	0.00017
720	39.1134	2.14246	0.00488918	0.00450265	0.561	0.001	34	0.0003
810	36.8283	2.38712	0.00460354	0.00423432	0.571375	0.000625	31	3e-05
900	34.6415	2.00444	0.00433019	0.0040103	0.587875	0.00075	29	2e-05
990	32.9168	2.0114	0.0041146	0.00379606	0.59375	0.000625	27	6e-05

Thu Jan 11 14:56:08 2018

N = 100000
u = 0.0002, v = 1e-06
initialTE = 50
propAffectW = 1
a = 0.00051, b = 0.00039
chrom# = 16, ploidy# = haploid

GEN	n	Vn	x	Vx	empty	fixed	min#	minFreq
0	50	0	0.00625	0.00621171	0.99375	0.00625	50	1
90	50.4222	0.441595	0.00630278	0.00620902	0.4805	0.0025	49	0.00529
180	50.4138	0.541304	0.00630173	0.00619529	0.487625	0.0015	47	3e-05
270	50.0545	0.948204	0.00625682	0.00610546	0.489375	0.001125	45	8e-05
360	48.2974	2.08321	0.00603718	0.00572605	0.494375	0.000625	42	2e-05
450	44.9346	2.88523	0.00561683	0.00523554	0.528	0.001	39	5e-05
540	42.2681	1.74833	0.00528351	0.00500413	0.538	0.001625	38	0.00056
630	40.4226	1.55493	0.00505283	0.0047965	0.55125	0.001	36	0.00017
720	39.1618	1.38349	0.00489522	0.00462496	0.546625	0.001	34	1e-05
810	37.8044	1.69811	0.00472555	0.00439121	0.55425	0.001	33	0.00018
900	36.1511	2.00425	0.00451888	0.00412151	0.572875	0.000625	30	1e-05
990	34.147	2.12507	0.00426837	0.00387756	0.589125	0.00075	29	5e-05

Thu Jan 11 15:27:17 2018

N = 100000
u = 0.0002, v = 1e-06
initialTE = 50
propAffectW = 1
a = 0.00051, b = 0.00039
chrom# = 16, ploidy# = haploid

GEN	n	Vn	x	Vx	empty	fixed	min#	minFreq
0	50	0	0.00625	0.00621171	0.99375	0.00625	50	1
90	50.4333	0.439382	0.00630417	0.00621021	0.48225	0.00325	49	0.00183
180	50.4759	0.537683	0.00630948	0.00620433	0.473125	0.001875	48	0.00012
270	50.3683	0.634107	0.00629604	0.00617633	0.480375	0.002375	47	1e-05
360	49.7445	1.12029	0.00621806	0.00603484	0.4815	0.000875	45	2e-05
450	48.0164	1.92737	0.00600205	0.00567545	0.50225	0.001625	43	0.00026
540	45.5364	2.52352	0.00569205	0.00525852	0.528375	0.00125	39	1e-05
630	42.4246	2.42658	0.00530307	0.00489901	0.546	0.000625	37	1e-05
720	40.0714	1.97095	0.00500893	0.0047119	0.552125	0.001125	35	0.00013
810	38.0428	2.01518	0.00475535	0.00449742	0.56575	0.001125	33	1e-05
900	36.2392	1.41674	0.00452989	0.00431843	0.576375	0.001	33	0.00084
990	35.2824	1.16162	0.0044103	0.00421818	0.567	0.000875	31	0.0001

Thu Jan 11 16:35:40 2018

N = 100000
u = 0.0002, v = 1e-06
initialTE = 50
propAffectW = 1
a = 0.00051, b = 0.00039
chrom# = 16, ploidy# = haploid

GEN	n	Vn	x	Vx	empty	fixed	min#	minFreq
0	50	0	0.00625	0.00621171	0.99375	0.00625	50	1
90	50.4032	0.438024	0.00630041	0.00620665	0.5005	0.002875	48	4e-05
180	50.4148	0.616704	0.00630185	0.00618505	0.470625	0.002125	47	1e-05
270	49.9746	0.972976	0.00624683	0.00608031	0.481875	0.001625	46	7e-05
360	48.7487	1.55863	0.00609359	0.00582879	0.49275	0.00125	44	0.00028
450	46.383	2.19748	0.00579788	0.00545126	0.516125	0.001125	41	5e-05
540	43.9897	1.90055	0.00549871	0.00518155	0.53125	0.001375	38	2e-05
630	41.6493	2.19083	0.00520616	0.00485609	0.5265	0.001	36	2e-05
720	39.4806	2.00016	0.00493507	0.0046078	0.55125	0.0005	34	1e-05
810	37.7881	1.70412	0.00472352	0.00441422	0.545625	0.000875	33	3e-05
900	36.3626	1.59349	0.00454532	0.00421518	0.5665	0.0005	32	0.00035
990	34.8653	1.73512	0.00435816	0.0039972	0.578375	0.001	30	0.00014

Thu Jan 11 17:36:39 2018

N = 100000
u = 0.0002, v = 1e-06
initialTE = 50
propAffectW = 1
a = 0.00051, b = 0.00039
chrom# = 16, ploidy# = haploid

GEN	n	Vn	x	Vx	empty	fixed	min#	minFreq
0	50	0	0.00625	0.00621171	0.99375	0.00625	50	1
90	50.4107	0.422633	0.00630134	0.00620927	0.493375	0.00275	48	1e-05
180	50.443	0.539511	0.00630537	0.00619904	0.4875	0.00275	48	0.00028
270	50.248	0.730228	0.006281	0.00614708	0.48725	0.00175	47	0.00014
360	49.4584	1.17581	0.00618231	0.00597776	0.48575	0.001875	45	3e-05
450	47.9426	1.77709	0.00599283	0.0056791	0.507	0.0015	43	0.00013
540	45.7537	2.18347	0.00571921	0.00532391	0.513625	0.00175	40	2e-05
630	43.2384	2.37251	0.0054048	0.00497486	0.5275	0.001125	37	1e-05
720	40.7677	2.5079	0.00509597	0.00464753	0.541125	0.00075	35	0.00018
810	37.9956	2.18953	0.00474944	0.00436104	0.5725	0.001375	33	0.00021
900	35.9986	1.9664	0.00449982	0.00415425	0.578375	0.000875	31	0.00012
990	34.2916	2.08593	0.00428644	0.00393366	0.5815	0.001	28	1e-05

Thu Jan 11 18:16:22 2018

N = 100000
u = 0.0002, v = 1e-06
initialTE = 50
propAffectW = 1
a = 0.00051, b = 0.00039
chrom# = 16, ploidy# = haploid

GEN	n	Vn	x	Vx	empty	fixed	min#	minFreq
0	50	0	0.00625	0.00621171	0.99375	0.00625	50	1
90	50.4042	0.430625	0.00630052	0.00620749	0.49425	0.001875	48	5e-05
180	50.3196	0.608569	0.00628995	0.00617567	0.483625	0.001375	47	0.00025
270	49.7209	1.13604	0.00621512	0.00602733	0.483875	0.00125	44	1e-05
360	47.7106	2.19265	0.00596382	0.00562648	0.50575	0.000875	42	5e-05
450	44.8749	2.24889	0.00560937	0.00527782	0.52875	0.000875	40	0.00017
540	42.6678	1.46231	0.00533347	0.00507715	0.53025	0.00125	38	3e-05
630	41.3205	1.50635	0.00516507	0.00490154	0.54	0.001	36	1e-05
720	39.7715	1.76908	0.00497144	0.00466921	0.540125	0.001125	35	0.00013
810	38.105	1.76557	0.00476312	0.00443187	0.558875	0.000875	33	0.00011
900	36.4582	2.07835	0.00455727	0.00418338	0.551625	0.00075	31	0.00015
990	34.4507	2.46473	0.00430633	0.0038777	0.58175	0.00075	28	3e-05

Thu Jan 11 18:58:05 2018

N = 100000
u = 0.0002, v = 1e-06
initialTE = 50
propAffectW = 1
a = 0.00051, b = 0.00039
chrom# = 16, ploidy# = haploid

GEN	n	Vn	x	Vx	empty	fixed	min#	minFreq
0	50	0	0.00625	0.00621171	0.99375	0.00625	50	1
90	50.4023	0.429205	0.00630029	0.00620778	0.50125	0.003375	48	1e-05
180	50.3891	0.554287	0.00629864	0.00619241	0.47425	0.002125	47	2e-05
270	50.0201	0.939724	0.00625252	0.00610169	0.47825	0.001875	45	9e-05
360	48.2526	2.04807	0.00603158	0.00573124	0.511	0.001125	43	0.0001
450	45.6705	1.96106	0.00570881	0.00537685	0.528125	0.001	40	1e-05
540	43.8016	1.72655	0.0054752	0.00514526	0.530375	0.001125	39	3e-05
630	41.9998	1.7849	0.00524998	0.00491227	0.53975	0.001375	37	2e-05
720	40.1857	1.71032	0.00502321	0.00467405	0.55	0.000875	36	0.00042
810	38.5935	1.70569	0.00482419	0.00443992	0.55225	0.001375	33	1e-05
900	36.8792	2.12841	0.0046099	0.00415938	0.56475	0.001	31	5e-05
990	34.7482	2.24649	0.00434353	0.00387663	0.583875	0.001125	29	5e-05
