
Tue Dec 12 09:18:57 2017

N = 100000
u = 1e-06, v = 1e-06
initialTE = 50
propAffectW = 1
a = 0.00051, b = 0.00039
chrom# = 16, ploidy# = 2

GEN	n	Vn	x	Vx	empty	fixed	min#	minFreq
0	50	0	0.0078125	0.00384642	0.984375	0.015625	50	1
90	49.9934	0.00906666	0.00781147	0.00384521	0.975938	0.00625	49	0.00785
180	49.9543	0.0468702	0.00780536	0.00383916	0.974688	0.004375	48	8e-05
270	49.7631	0.185836	0.00777548	0.00380974	0.969688	0.0028125	48	0.00045
360	49.3203	0.253954	0.0077063	0.00374429	0.974375	0.0021875	48	0.01766
450	48.9329	0.217363	0.00764576	0.00368918	0.9725	0.0009375	47	0.00297
540	48.4392	0.401332	0.00756863	0.00363086	0.972812	0.0028125	46	1e-05
630	47.6739	0.411092	0.00744905	0.00357543	0.97	0.00125	46	0.00282
720	47.1175	0.205261	0.00736211	0.00355146	0.976562	0.0009375	46	0.04568
810	46.7758	0.231237	0.00730872	0.00351837	0.975625	0.0015625	45	0.00083
900	46.3541	0.258824	0.00724282	0.00346176	0.976875	0.0009375	44	4e-05
990	46.0065	0.1801	0.00718852	0.00341208	0.975938	0.001875	44	0.00092

Tue Dec 12 10:32:46 2017

N = 100000
u = 1e-06, v = 1e-06
initialTE = 50
propAffectW = 1
a = 0.00051, b = 0.00039
chrom# = 16, ploidy# = 2

GEN	n	Vn	x	Vx	empty	fixed	min#	minFreq
0	50	0	0.0078125	0.00384642	0.984375	0.015625	50	1
90	49.9909	0.0136177	0.00781108	0.00384466	0.976562	0.0053125	49	0.01139
180	49.922	0.0738967	0.00780031	0.00383429	0.977812	0.0025	48	0.00023
270	49.6193	0.245222	0.00775301	0.00378844	0.976875	0.0021875	48	0.00381
360	49.1628	0.239732	0.0076817	0.00372107	0.974688	0.00125	48	0.05129
450	48.732	0.274259	0.00761437	0.00366056	0.975	0.0009375	47	0.00133
540	48.2715	0.219308	0.00754243	0.00360422	0.973125	0.00125	47	0.00867
630	48.0021	0.127427	0.00750033	0.00357213	0.977187	0.0009375	47	0.06259
720	47.7303	0.22333	0.00745786	0.0035364	0.976875	0.001875	46	0.00415
810	47.2233	0.312737	0.00737865	0.00347162	0.972812	0.000625	45	0.00026
900	46.7408	0.316719	0.00730325	0.00341569	0.973125	0.0003125	45	0.00387
990	46.2349	0.279044	0.0072242	0.00338887	0.974375	0.0009375	44	0.0001

Tue Dec 12 11:45:39 2017

N = 100000
u = 1e-06, v = 1e-06
initialTE = 50
propAffectW = 1
a = 0.00051, b = 0.00039
chrom# = 16, ploidy# = 2

GEN	n	Vn	x	Vx	empty	fixed	min#	minFreq
0	50	0	0.0078125	0.00384642	0.984375	0.015625	50	1
90	49.9955	0.00910993	0.0078118	0.00384536	0.973437	0.005	49	0.00681
180	49.9662	0.0388686	0.00780722	0.00384076	0.97125	0.0046875	48	1e-05
270	49.8093	0.15914	0.0077827	0.00381703	0.974063	0.0028125	48	0.00064
360	49.3547	0.284379	0.00771167	0.00374962	0.97375	0.0021875	48	0.02682
450	48.8957	0.245228	0.00763996	0.0036849	0.973125	0.0021875	47	0.0007
540	48.4191	0.285515	0.00756548	0.0036257	0.974375	0.001875	47	0.01238
630	48.0057	0.22207	0.00750089	0.00357882	0.975625	0.00125	46	2e-05
720	47.5731	0.285376	0.0074333	0.00352805	0.973437	0.000625	46	0.00194
810	47.1612	0.187477	0.00736894	0.00348738	0.973437	0.00125	45	0.00015
900	46.8744	0.180944	0.00732413	0.00345775	0.97375	0.0009375	45	0.00044
990	46.5072	0.25997	0.00726676	0.00341363	0.974375	0.0009375	45	0.00147

Tue Dec 12 12:56:46 2017

N = 100000
u = 1e-06, v = 1e-06
initialTE = 50
propAffectW = 1
a = 0.00051, b = 0.00039
chrom# = 16, ploidy# = 2

GEN	n	Vn	x	Vx	empty	fixed	min#	minFreq
0	50	0	0.0078125	0.00384642	0.984375	0.015625	50	1
90	49.9853	0.0200556	0.00781021	0.00384378	0.974688	0.00625	48	0.00036
180	49.866	0.139605	0.00779156	0.00382544	0.97	0.003125	48	0.00932
270	49.2258	0.561698	0.00769153	0.00373353	0.972187	0.0021875	47	0.00065
360	48.3187	0.344528	0.0075498	0.00364097	0.975313	0.0028125	46	0.00018
450	47.8687	0.248538	0.00747948	0.00359624	0.975	0.0025	45	0.00021
540	47.1894	0.534793	0.00737334	0.00350247	0.973125	0.0028125	45	0.00309
630	46.3295	0.425137	0.00723899	0.00341244	0.974375	0.001875	44	0.0051
720	45.55	0.604067	0.00711719	0.00335159	0.971875	0.00125	43	8e-05
810	44.5037	0.505111	0.0069537	0.0033671	0.974375	0.0015625	42	6e-05
900	44.0484	0.190928	0.00688256	0.00337687	0.975313	0.003125	42	1e-05
990	43.7148	0.254915	0.00683044	0.003344	0.9775	0.0025	42	0.0095

Tue Dec 12 14:07:06 2017

N = 100000
u = 1e-06, v = 1e-06
initialTE = 50
propAffectW = 1
a = 0.00051, b = 0.00039
chrom# = 16, ploidy# = 2

GEN	n	Vn	x	Vx	empty	fixed	min#	minFreq
0	50	0	0.0078125	0.00384642	0.984375	0.015625	50	1
90	49.9885	0.0163391	0.00781071	0.00384427	0.975625	0.0053125	48	2e-05
180	49.9319	0.0666176	0.00780185	0.00383576	0.9725	0.004375	48	0.0003
270	49.6806	0.230015	0.0077626	0.00379812	0.973437	0.0028125	47	1e-05
360	49.176	0.293639	0.00768376	0.00372654	0.973125	0.00375	47	0.00023
450	48.6552	0.334156	0.00760237	0.00366688	0.972187	0.0028125	47	0.01545
540	48.0399	0.36125	0.00750624	0.00362863	0.974375	0.0015625	46	0.00014
630	47.4265	0.311675	0.00741038	0.00359583	0.974063	0.001875	46	0.01135
720	47.0318	0.202871	0.00734872	0.0035789	0.97125	0.0021875	45	0.00177
810	46.643	0.323871	0.00728797	0.00353764	0.97625	0.003125	45	0.02526
900	45.9794	0.452919	0.00718428	0.00345549	0.975	0.0025	44	0.00123
990	45.3282	0.313071	0.00708252	0.00341213	0.972187	0.0009375	43	5e-05

Tue Dec 12 15:21:40 2017

N = 100000
u = 1e-06, v = 1e-06
initialTE = 50
propAffectW = 1
a = 0.00051, b = 0.00039
chrom# = 16, ploidy# = 2

GEN	n	Vn	x	Vx	empty	fixed	min#	minFreq
0	50	0	0.0078125	0.00384642	0.984375	0.015625	50	1
90	49.9866	0.0154314	0.00781041	0.00384418	0.976875	0.0065625	48	6e-05
180	49.9052	0.0924739	0.00779769	0.00383152	0.975625	0.0053125	48	0.00152
270	49.5597	0.340923	0.0077437	0.0037799	0.975313	0.0021875	47	4e-05
360	48.7791	0.470448	0.00762173	0.00367441	0.978437	0.0021875	47	0.00275
450	48.1424	0.218137	0.00752225	0.0036302	0.9775	0.0021875	46	8e-05
540	47.8063	0.217204	0.00746974	0.0036074	0.975	0.003125	46	0.00059
630	47.3557	0.265332	0.00739933	0.0035458	0.975313	0.0015625	46	0.0163
720	46.9757	0.224421	0.00733995	0.00349166	0.975938	0.0021875	45	0.00091
810	46.5309	0.335849	0.00727045	0.00344432	0.977812	0.0009375	44	6e-05
900	45.8937	0.410557	0.00717089	0.00338466	0.9775	0.0015625	44	0.00762
990	45.1719	0.391821	0.00705811	0.00333179	0.976875	0.001875	43	0.00038

Tue Dec 12 16:34:01 2017

N = 100000
u = 1e-06, v = 1e-06
initialTE = 50
propAffectW = 1
a = 0.00051, b = 0.00039
chrom# = 16, ploidy# = 2

GEN	n	Vn	x	Vx	empty	fixed	min#	minFreq
0	50	0	0.0078125	0.00384642	0.984375	0.015625	50	1
90	49.9879	0.0145825	0.0078106	0.00384436	0.974063	0.0046875	48	7e-05
180	49.915	0.0981911	0.00779922	0.00383278	0.971875	0.0040625	48	0.00642
270	49.4032	0.550448	0.00771924	0.00376022	0.975313	0.0028125	47	0.00014
360	48.3655	0.394526	0.0075571	0.00367313	0.973125	0.0025	47	0.008
450	48.0026	0.123515	0.0075004	0.00367226	0.97125	0.0028125	46	3e-05
540	47.7414	0.221823	0.00745959	0.00364677	0.974375	0.001875	46	0.00185
630	47.2909	0.270012	0.00738921	0.00360109	0.975938	0.00125	46	0.02994
720	46.8663	0.242676	0.00732285	0.00355317	0.974688	0.000625	45	0.00101
810	46.3929	0.314362	0.00724888	0.00348443	0.974688	0.0009375	45	0.03024
900	45.8645	0.311396	0.00716633	0.00341219	0.976875	0.0009375	43	0.00057
990	45.1726	0.640395	0.00705822	0.00332471	0.975313	0.000625	42	0.0015

Tue Dec 12 17:45:24 2017

N = 100000
u = 1e-06, v = 1e-06
initialTE = 50
propAffectW = 1
a = 0.00051, b = 0.00039
chrom# = 16, ploidy# = 2

GEN	n	Vn	x	Vx	empty	fixed	min#	minFreq
0	50	0	0.0078125	0.00384642	0.984375	0.015625	50	1
90	49.9933	0.0133259	0.00781146	0.00384489	0.972812	0.0059375	48	0.00015
180	49.9246	0.0773816	0.00780072	0.00383456	0.975938	0.0034375	48	0.00235
270	49.5701	0.348532	0.00774532	0.00378106	0.974375	0.001875	47	4e-05
360	48.7747	0.494961	0.00762104	0.00367407	0.975625	0.0025	47	0.0083
450	48.0796	0.308675	0.00751244	0.00362337	0.974688	0.0021875	46	1e-05
540	47.5822	0.290559	0.00743472	0.00357131	0.975313	0.0015625	46	0.00165
630	47.1652	0.191784	0.00736956	0.00351666	0.974375	0.001875	45	4e-05
720	46.9064	0.184102	0.00732912	0.00348351	0.9725	0.0015625	44	1e-05
810	46.4341	0.429844	0.00725533	0.00342788	0.975313	0.0015625	44	1e-05
900	45.6549	0.453063	0.00713357	0.0033698	0.977187	0.00125	44	0.00137
990	45.1356	0.17968	0.00705243	0.00339635	0.975938	0.0025	43	3e-05

Tue Dec 12 18:56:50 2017

N = 100000
u = 1e-06, v = 1e-06
initialTE = 50
propAffectW = 1
a = 0.00051, b = 0.00039
chrom# = 16, ploidy# = 2

GEN	n	Vn	x	Vx	empty	fixed	min#	minFreq
0	50	0	0.0078125	0.00384642	0.984375	0.015625	50	1
90	49.9929	0.0140503	0.0078114	0.00384478	0.972187	0.0059375	49	0.01058
180	49.9168	0.0881636	0.0077995	0.00383322	0.974688	0.00375	48	0.00286
270	49.589	0.323348	0.00774828	0.00378477	0.975625	0.0025	48	0.03948
360	48.8537	0.471366	0.0076334	0.00368663	0.972187	0.001875	47	0.00318
450	48.1721	0.294344	0.0075269	0.00362521	0.974688	0.0015625	46	0.00024
540	47.7309	0.271706	0.00745795	0.00359581	0.975313	0.001875	46	0.0006
630	47.252	0.237118	0.00738312	0.00356587	0.975	0.0021875	46	0.02219
720	46.9279	0.190175	0.00733249	0.00354451	0.974063	0.00125	45	0.00024
810	46.4978	0.287658	0.00726528	0.00349653	0.975313	0.0009375	45	0.01078
900	46.0451	0.251147	0.00719455	0.00344915	0.974688	0.001875	44	0.00011
990	45.6067	0.295318	0.00712605	0.00338623	0.975625	0.0015625	44	0.00689

Tue Dec 12 20:07:15 2017

N = 100000
u = 1e-06, v = 1e-06
initialTE = 50
propAffectW = 1
a = 0.00051, b = 0.00039
chrom# = 16, ploidy# = 2

GEN	n	Vn	x	Vx	empty	fixed	min#	minFreq
0	50	0	0.0078125	0.00384642	0.984375	0.015625	50	1
90	49.9961	0.00889496	0.00781189	0.00384543	0.976562	0.0065625	49	0.0064
180	49.9451	0.0560776	0.00780392	0.00383764	0.975313	0.0028125	49	0.05699
270	49.7186	0.212207	0.00776853	0.00380352	0.977187	0.0028125	48	0.00376
360	49.2062	0.276787	0.00768846	0.00372804	0.975313	0.0015625	47	0.00023
450	48.7163	0.30446	0.00761193	0.00365766	0.972812	0.00125	47	0.00694
540	48.1422	0.315398	0.00752223	0.00358634	0.975938	0.00125	46	0.0002
630	47.6013	0.318908	0.0074377	0.00353093	0.974688	0.0015625	46	0.00984
720	47.0655	0.278738	0.00735398	0.00349115	0.971562	0.0009375	45	0.00041
810	46.5278	0.334951	0.00726997	0.00345759	0.974375	0.0015625	45	0.02126
900	46.0013	0.273701	0.0071877	0.00342663	0.974375	0.0015625	43	1e-05
990	45.5136	0.317217	0.0071115	0.00333822	0.974375	0.0021875	44	0.0127
