
Fri Jan 12 10:32:27 2018

N = 100000
u = 0.001, v = 1e-06
initialTE = 50
propAffectW = 1
a = 0.00051, b = 0.00039
chrom# = 16, ploidy# = haploid

GEN	n	Vn	x	Vx	empty	fixed	min#	minFreq
0	50	0	0.00625	0.00621171	0.99375	0.00625	50	1
90	52.0832	2.13218	0.0065104	0.00620715	0.028375	0.003	49	0.00055
180	52.3486	2.47525	0.00654357	0.00619656	0.02875	0.00225	48	3e-05
270	52.1892	2.78795	0.00652365	0.00613613	0.02875	0.001625	47	6e-05
360	51.1904	3.32768	0.0063988	0.00593697	0.034625	0.001375	46	0.00044
450	49.6078	3.33999	0.00620097	0.00572162	0.0365	0.00175	43	1e-05
540	47.9903	3.37937	0.00599879	0.00550593	0.038875	0.001375	42	2e-05
630	46.7976	3.07847	0.0058497	0.00535585	0.04225	0.00125	41	6e-05
720	45.1514	3.95945	0.00564392	0.00510301	0.044625	0.00175	38	1e-05
810	42.6048	4.17035	0.00532559	0.00481567	0.056625	0.00175	37	0.0002
900	40.8676	2.9793	0.00510845	0.00469361	0.05125	0.001375	36	3e-05
990	40.2786	2.82173	0.00503482	0.00464378	0.054125	0.001	36	0.00116

Fri Jan 12 11:23:49 2018

N = 100000
u = 0.001, v = 1e-06
initialTE = 50
propAffectW = 1
a = 0.00051, b = 0.00039
chrom# = 16, ploidy# = haploid

GEN	n	Vn	x	Vx	empty	fixed	min#	minFreq
0	50	0	0.00625	0.00621171	0.99375	0.00625	50	1
90	52.1084	2.12783	0.00651355	0.00620596	0.033	0.00325	48	2e-05
180	52.3631	2.46038	0.00654538	0.00619209	0.025375	0.002875	48	7e-05
270	52.0158	2.75548	0.00650198	0.00612212	0.030125	0.0015	47	6e-05
360	51.1282	3.31986	0.00639102	0.0059508	0.0285	0.002625	45	8e-05
450	49.3934	3.39925	0.00617418	0.00569636	0.036875	0.001875	44	1e-05
540	48.3718	3.01915	0.00604647	0.00559257	0.0355	0.001625	43	2e-05
630	47.6236	2.92505	0.00595295	0.00550155	0.037375	0.001875	42	2e-05
720	46.8019	3.20177	0.00585024	0.00535406	0.03675	0.001625	40	1e-05
810	45.4758	3.52711	0.00568447	0.00512848	0.046625	0.0015	39	2e-05
900	43.6329	3.73142	0.00545411	0.004863	0.04725	0.000875	37	3e-05
990	41.9397	3.5974	0.00524246	0.00464056	0.05	0.00125	36	9e-05

Fri Jan 12 12:18:51 2018

N = 100000
u = 0.001, v = 1e-06
initialTE = 50
propAffectW = 1
a = 0.00051, b = 0.00039
chrom# = 16, ploidy# = haploid

GEN	n	Vn	x	Vx	empty	fixed	min#	minFreq
0	50	0	0.00625	0.00621171	0.99375	0.00625	50	1
90	52.063	2.13947	0.00650787	0.00620267	0.0325	0.0025	49	0.00272
180	52.2822	2.54433	0.00653528	0.00618016	0.027625	0.0015	48	0.00029
270	51.8782	2.85934	0.00648477	0.00608098	0.027625	0.003	47	0.00032
360	50.7601	3.2482	0.00634502	0.00590246	0.037875	0.002375	45	1e-05
450	49.6556	3.04763	0.00620695	0.0057858	0.03575	0.002	44	2e-05
540	48.663	3.22685	0.00608288	0.00562072	0.034875	0.0015	43	6e-05
630	47.3008	3.41715	0.0059126	0.0054236	0.03675	0.0015	41	2e-05
720	45.5596	3.73787	0.00569495	0.00516206	0.044125	0.001125	39	0.00017
810	43.1865	4.04486	0.00539831	0.00483577	0.048125	0.00225	37	0.00016
900	41.1872	3.61304	0.0051484	0.00464871	0.057125	0.001375	35	7e-05
990	39.8182	3.42019	0.00497727	0.00448331	0.06	0.001125	34	8e-05

Fri Jan 12 13:24:57 2018

N = 100000
u = 0.001, v = 1e-06
initialTE = 50
propAffectW = 1
a = 0.00051, b = 0.00039
chrom# = 16, ploidy# = haploid

GEN	n	Vn	x	Vx	empty	fixed	min#	minFreq
0	50	0	0.00625	0.00621171	0.99375	0.00625	50	1
90	52.0584	2.10394	0.0065073	0.00620628	0.029375	0.003	49	0.00115
180	52.3519	2.49316	0.00654398	0.00618689	0.028625	0.002	48	0.00012
270	51.9795	2.81257	0.00649744	0.00609819	0.03	0.001875	47	7e-05
360	50.6938	3.44247	0.00633672	0.00587254	0.032875	0.002125	45	0.00015
450	48.7708	3.82706	0.00609635	0.00557891	0.04025	0.00125	42	2e-05
540	46.3118	3.73888	0.00578898	0.00528143	0.044375	0.001125	41	0.00053
630	44.7812	3.40514	0.00559765	0.00513022	0.041875	0.001	39	3e-05
720	43.3098	3.40585	0.00541373	0.00496318	0.0495	0.001375	38	0.00037
810	41.991	3.4563	0.00524888	0.00475853	0.049375	0.001625	36	1e-05
900	40.4531	3.62986	0.00505664	0.0045269	0.055	0.001625	35	0.00054
990	38.8847	3.5671	0.00486059	0.00432138	0.058625	0.001125	33	0.00017

Fri Jan 12 14:19:55 2018

N = 100000
u = 0.001, v = 1e-06
initialTE = 50
propAffectW = 1
a = 0.00051, b = 0.00039
chrom# = 16, ploidy# = haploid

GEN	n	Vn	x	Vx	empty	fixed	min#	minFreq
0	50	0	0.00625	0.00621171	0.99375	0.00625	50	1
90	52.0637	2.11769	0.00650796	0.0062058	0.0315	0.0025	48	1e-05
180	52.2917	2.50175	0.00653646	0.00618177	0.027625	0.00275	47	2e-05
270	51.8171	3.0117	0.00647713	0.00605478	0.031	0.001875	46	8e-05
360	50.3885	3.67934	0.00629856	0.005766	0.03675	0.001375	44	2e-05
450	48.5195	3.51081	0.00606494	0.0055344	0.03475	0.002375	42	1e-05
540	47.099	3.41003	0.00588738	0.00536455	0.041	0.00125	41	4e-05
630	45.3387	3.81233	0.00566734	0.00511172	0.04475	0.001625	39	7e-05
720	43.4268	3.84555	0.00542836	0.00488436	0.04425	0.001375	37	3e-05
810	41.7387	3.5562	0.00521734	0.00467602	0.056	0.001125	36	0.0002
900	40.1129	3.71988	0.00501411	0.00447389	0.0545	0.001	34	5e-05
990	38.4515	3.62765	0.00480644	0.00431071	0.06075	0.000875	32	6e-05

Fri Jan 12 15:17:57 2018

N = 100000
u = 0.001, v = 1e-06
initialTE = 50
propAffectW = 1
a = 0.00051, b = 0.00039
chrom# = 16, ploidy# = haploid

GEN	n	Vn	x	Vx	empty	fixed	min#	minFreq
0	50	0	0.00625	0.00621171	0.99375	0.00625	50	1
90	52.0705	2.08728	0.00650881	0.00620657	0.0305	0.0025	49	0.00091
180	52.3089	2.55574	0.00653862	0.00618504	0.025375	0.002625	48	0.00011
270	51.855	2.8075	0.00648187	0.00609366	0.027375	0.001625	47	0.00013
360	51.0712	3.06158	0.0063839	0.00594522	0.031125	0.00175	45	2e-05
450	49.3291	4.04318	0.00616614	0.00565777	0.036875	0.001875	43	8e-05
540	47.1436	3.21494	0.00589295	0.00543423	0.039375	0.0015	42	0.00029
630	45.8225	3.29688	0.00572781	0.00524834	0.0435	0.00175	40	4e-05
720	44.44	3.46221	0.005555	0.00503995	0.04825	0.000625	38	1e-05
810	42.8642	3.63292	0.00535803	0.00484761	0.049	0.001125	37	8e-05
900	41.5189	3.4905	0.00518986	0.00467562	0.05075	0.00075	36	0.00018
990	40.1348	3.29969	0.00501685	0.00450912	0.0575	0.001	34	1e-05

Fri Jan 12 16:07:18 2018

N = 100000
u = 0.001, v = 1e-06
initialTE = 50
propAffectW = 1
a = 0.00051, b = 0.00039
chrom# = 16, ploidy# = haploid

GEN	n	Vn	x	Vx	empty	fixed	min#	minFreq
0	50	0	0.00625	0.00621171	0.99375	0.00625	50	1
90	52.0508	2.0795	0.00650635	0.00620508	0.033	0.002375	49	0.00201
180	52.316	2.46102	0.0065395	0.00619438	0.02675	0.00225	48	0.00011
270	52.2136	2.71886	0.0065267	0.00614167	0.028375	0.001375	47	9e-05
360	51.1545	3.31984	0.00639432	0.00594212	0.030875	0.002125	46	0.00046
450	49.7339	3.38064	0.00621673	0.00572004	0.033375	0.0015	43	2e-05
540	48.3338	3.55085	0.00604173	0.00550986	0.0375	0.001625	42	2e-05
630	46.7577	3.43976	0.00584471	0.00531623	0.038375	0.001625	41	7e-05
720	45.2514	3.59547	0.00565643	0.00510648	0.046	0.001375	39	0.00011
810	43.5673	3.73875	0.00544591	0.0048768	0.049125	0.00175	37	0.00012
900	41.5396	4.02465	0.00519245	0.00463233	0.054125	0.00125	34	1e-05
990	39.2008	4.04677	0.0049001	0.00435915	0.065625	0.001375	33	0.00017

Fri Jan 12 16:37:04 2018

N = 100000
u = 0.001, v = 1e-06
initialTE = 50
propAffectW = 1
a = 0.00051, b = 0.00039
chrom# = 16, ploidy# = haploid

GEN	n	Vn	x	Vx	empty	fixed	min#	minFreq
0	50	0	0.00625	0.00621171	0.99375	0.00625	50	1
90	52.0916	2.11512	0.00651145	0.00620665	0.033625	0.003375	49	0.00079
180	52.3733	2.41893	0.00654666	0.00619905	0.026875	0.00225	48	2e-05
270	52.3049	2.63448	0.00653812	0.0061633	0.026625	0.0015	48	0.00043
360	51.499	2.94897	0.00643738	0.00601593	0.02825	0.002	47	0.00124
450	50.503	3.25694	0.00631288	0.0057979	0.031375	0.00225	45	0.00015
540	49.2298	3.47064	0.00615373	0.00553893	0.0355	0.001125	43	3e-05
630	46.9299	4.27781	0.00586624	0.00522481	0.038875	0.00075	40	5e-05
720	44.7296	3.73427	0.0055912	0.0050369	0.0475	0.001	39	0.00032
810	42.7857	3.63476	0.00534821	0.00482542	0.055	0.0015	37	1e-05
900	41.4049	3.21712	0.00517561	0.0046895	0.04925	0.001625	36	2e-05
990	40.3018	3.0507	0.00503772	0.00456124	0.0585	0.002	35	4e-05

Fri Jan 12 17:22:04 2018

N = 100000
u = 0.001, v = 1e-06
initialTE = 50
propAffectW = 1
a = 0.00051, b = 0.00039
chrom# = 16, ploidy# = haploid

GEN	n	Vn	x	Vx	empty	fixed	min#	minFreq
0	50	0	0.00625	0.00621171	0.99375	0.00625	50	1
90	52.0606	2.12259	0.00650757	0.00620454	0.03175	0.002	49	0.00194
180	52.249	2.49652	0.00653113	0.0061831	0.030375	0.00175	48	0.00021
270	52.0442	2.77489	0.00650553	0.00610535	0.0325	0.00175	47	0.00015
360	50.9005	3.525	0.00636256	0.0058754	0.029875	0.001625	45	0.00018
450	49.188	3.80762	0.0061485	0.00557653	0.037625	0.00075	42	1e-05
540	46.849	4.32575	0.00585612	0.00522855	0.042625	0.0015	39	1e-05
630	44.3385	3.89336	0.00554231	0.00496088	0.045	0.00125	38	7e-05
720	42.1112	4.13966	0.0052639	0.00473039	0.04875	0.001625	36	0.00028
810	40.0333	3.65972	0.00500416	0.00447843	0.056875	0.0015	33	1e-05
900	38.5103	3.64625	0.00481379	0.00429866	0.057125	0.001	32	1e-05
990	36.8559	3.5764	0.00460699	0.00415986	0.062	0.00125	31	1e-05

Fri Jan 12 18:27:11 2018

N = 100000
u = 0.001, v = 1e-06
initialTE = 50
propAffectW = 1
a = 0.00051, b = 0.00039
chrom# = 16, ploidy# = haploid

GEN	n	Vn	x	Vx	empty	fixed	min#	minFreq
0	50	0	0.00625	0.00621171	0.99375	0.00625	50	1
90	52.0631	2.10055	0.00650789	0.00620511	0.0305	0.0025	48	2e-05
180	52.307	2.51806	0.00653837	0.00618622	0.0305	0.001625	47	1e-05
270	52.037	2.92339	0.00650463	0.00610184	0.026125	0.002	47	0.00025
360	50.7602	3.28243	0.00634502	0.00587439	0.033375	0.00125	44	1e-05
450	48.9571	3.50321	0.00611964	0.0056515	0.034	0.0015	43	0.00028
540	46.7612	3.69767	0.00584516	0.005336	0.039	0.001375	42	0.00065
630	45.5991	2.97723	0.00569989	0.00523486	0.039875	0.001125	41	0.00049
720	44.7893	2.96591	0.00559866	0.00512795	0.042375	0.001375	39	1e-05
810	43.6645	3.39159	0.00545806	0.00493799	0.046	0.00125	38	0.00022
900	42.361	3.57032	0.00529512	0.0047091	0.0505	0.001125	35	1e-05
990	40.5122	3.82273	0.00506402	0.00446089	0.05825	0.001125	34	4e-05
