
Fri Jan 12 10:33:19 2018

N = 100000
u = 0.005, v = 1e-06
initialTE = 50
propAffectW = 1
a = 0.00051, b = 0.00039
chrom# = 16, ploidy# = haploid

GEN	n	Vn	x	Vx	empty	fixed	min#	minFreq
0	50	0	0.00625	0.00621171	0.99375	0.00625	50	1
90	60.033	10.5158	0.00750413	0.00619487	0	0.00325	50	0.00012
180	62.336	12.0354	0.007792	0.00614918	0	0.00325	51	5e-05
270	61.357	12.8627	0.00766962	0.00609589	0	0.003	51	0.00027
360	62.1619	12.3649	0.00777024	0.00615241	0	0.0035	50	2e-05
450	61.5868	11.6832	0.00769835	0.00619486	0	0.003125	50	1e-05
540	60.2685	11.0503	0.00753356	0.00617481	0	0.00425	50	6e-05
630	61.243	11.7071	0.00765537	0.00622991	0	0.002625	50	2e-05
720	62.6115	12.4584	0.00782643	0.0061915	0	0.003	50	1e-05
810	63.0865	12.3062	0.00788581	0.00614821	0	0.003375	51	1e-05
900	62.7185	12.5652	0.00783981	0.00618859	0	0.004125	51	5e-05
990	61.8174	11.8851	0.00772718	0.00618158	0	0.003375	51	9e-05

Fri Jan 12 11:30:04 2018

N = 100000
u = 0.005, v = 1e-06
initialTE = 50
propAffectW = 1
a = 0.00051, b = 0.00039
chrom# = 16, ploidy# = haploid

GEN	n	Vn	x	Vx	empty	fixed	min#	minFreq
0	50	0	0.006125	0.00608825	0.993875	0.006125	50	1
90	55.6404	10.1914	0.00695505	0.00570037	0.0015	0.0025	46	6e-05
180	57.6837	11.7474	0.00721046	0.00567291	0	0.00325	47	0.00015
270	58.5969	12.6325	0.00732461	0.00565624	0	0.00325	46	1e-05
360	57.9183	12.7051	0.00723978	0.00564178	0	0.004	47	0.00015
450	57.2069	11.5455	0.00715086	0.00571446	0	0.00225	46	3e-05
540	57.4204	11.6064	0.00717755	0.00566354	0	0.003125	46	1e-05
630	58.6489	11.8957	0.00733112	0.00565142	0	0.00275	47	3e-05
720	58.9563	12.4282	0.00736954	0.00563581	0	0.003375	47	2e-05
810	59.4383	12.537	0.00742979	0.00568476	0	0.001875	47	2e-05
900	59.5992	12.7386	0.0074499	0.00561325	0	0.003125	47	2e-05
990	57.3335	11.3319	0.00716668	0.00576885	0	0.0025	46	1e-05

Fri Jan 12 12:47:38 2018

N = 100000
u = 0.005, v = 1e-06
initialTE = 50
propAffectW = 1
a = 0.00051, b = 0.00039
chrom# = 16, ploidy# = haploid

GEN	n	Vn	x	Vx	empty	fixed	min#	minFreq
0	50	0	0.00625	0.00621171	0.99375	0.00625	50	1
90	60.0443	10.9684	0.00750554	0.00619569	0	0.002875	50	6e-05
180	62.0359	12.0087	0.00775449	0.00620765	0	0.003375	51	5e-05
270	62.5143	11.8741	0.00781429	0.00624056	0	0.00275	51	3e-05
360	63.3049	12.2421	0.00791311	0.00624606	0	0.004	51	2e-05
450	62.1961	10.9669	0.00777451	0.00632137	0	0.003375	52	0.00014
540	64.5921	12.1423	0.00807401	0.00636098	0	0.003375	52	1e-05
630	64.3043	11.6823	0.00803804	0.00655466	0	0.003375	53	1e-05
720	65.3135	12.486	0.00816419	0.00640413	0	0.003375	54	4e-05
810	65.9243	13.0604	0.00824053	0.00633371	0	0.002625	53	2e-05
900	67.5377	13.5322	0.00844221	0.0062616	0	0.00375	54	1e-05
990	66.4484	13.9776	0.00830604	0.00630125	0	0.0035	53	1e-05

Fri Jan 12 14:09:53 2018

N = 100000
u = 0.005, v = 1e-06
initialTE = 50
propAffectW = 1
a = 0.00051, b = 0.00039
chrom# = 16, ploidy# = haploid

GEN	n	Vn	x	Vx	empty	fixed	min#	minFreq
0	50	0	0.00625	0.00621171	0.99375	0.00625	50	1
90	60.1198	10.751	0.00751497	0.00619505	0	0.0025	50	7e-05
180	62.0724	12.2559	0.00775905	0.00618875	0	0.002625	50	2e-05
270	62.7142	12.3557	0.00783928	0.00620041	0	0.00325	51	4e-05
360	62.1331	12.1999	0.00776664	0.00613418	0	0.003375	49	1e-05
450	58.8646	10.4641	0.00735808	0.00605327	0	0.00375	49	9e-05
540	60.6264	12.3	0.0075783	0.00607963	0	0.003375	49	2e-05
630	62.2638	12.2182	0.00778297	0.00612533	0	0.003625	51	8e-05
720	61.4546	12.2769	0.00768183	0.00610061	0	0.00375	49	2e-05
810	60.6079	11.8371	0.00757599	0.00606754	0	0.003125	50	9e-05
900	62.06	12.2748	0.0077575	0.00601067	0	0.003875	49	1e-05
990	61.5685	12.4486	0.00769607	0.00604716	0	0.003375	50	3e-05

Fri Jan 12 15:30:11 2018

N = 100000
u = 0.005, v = 1e-06
initialTE = 50
propAffectW = 1
a = 0.00051, b = 0.00039
chrom# = 16, ploidy# = haploid

GEN	n	Vn	x	Vx	empty	fixed	min#	minFreq
0	50	0	0.00625	0.00621171	0.99375	0.00625	50	1
90	60.3175	10.9329	0.00753969	0.00619457	0	0.002875	50	4e-05
180	61.9149	11.9747	0.00773937	0.00620329	0	0.003375	50	1e-05
270	62.7704	12.2287	0.00784631	0.00620526	0	0.00325	51	1e-05
360	63.126	12.4177	0.00789075	0.00624185	0	0.00275	52	8e-05
450	63.3507	12.4942	0.00791884	0.00624216	0	0.0035	52	7e-05
540	62.7011	11.6428	0.00783764	0.00633863	0	0.00375	52	6e-05
630	62.9136	11.5143	0.0078642	0.00638676	0	0.003125	52	5e-05
720	63.0707	11.6674	0.00788384	0.00637979	0	0.003875	52	2e-05
810	65.3345	12.7751	0.00816681	0.00640688	0	0.003625	52	1e-05
900	63.1646	11.4273	0.00789557	0.00651885	0	0.00325	53	0.0001
990	65.3471	11.9351	0.00816839	0.00656862	0	0.003375	53	1e-05

Fri Jan 12 16:26:30 2018

N = 100000
u = 0.005, v = 1e-06
initialTE = 50
propAffectW = 1
a = 0.00051, b = 0.00039
chrom# = 16, ploidy# = haploid

GEN	n	Vn	x	Vx	empty	fixed	min#	minFreq
0	50	0	0.00625	0.00621171	0.99375	0.00625	50	1
90	60.1515	10.6521	0.00751894	0.00619133	0	0.003375	50	1e-05
180	61.7153	11.8941	0.00771441	0.00621297	0	0.0025	51	8e-05
270	62.2708	11.6886	0.00778385	0.00623326	0	0.003	51	2e-05
360	62.6609	12.072	0.00783261	0.00621966	0	0.00375	51	2e-05
450	63.0157	11.8077	0.00787696	0.00631256	0	0.003125	52	6e-05
540	64.6314	12.9129	0.00807893	0.00626283	0	0.0035	51	1e-05
630	62.2359	11.9152	0.00777949	0.00625552	0	0.002875	50	2e-05
720	63.5861	12.692	0.00794826	0.00612558	0	0.00375	51	1e-05
810	63.286	12.8105	0.00791075	0.00627622	0	0.003625	52	4e-05
900	63.3715	13.4197	0.00792144	0.00618594	0	0.003375	51	4e-05
990	62.3277	13.0801	0.00779096	0.00617123	0	0.003125	51	1e-05

Fri Jan 12 17:27:08 2018

N = 100000
u = 0.005, v = 1e-06
initialTE = 50
propAffectW = 1
a = 0.00051, b = 0.00039
chrom# = 16, ploidy# = haploid

GEN	n	Vn	x	Vx	empty	fixed	min#	minFreq
0	50	0	0.00625	0.00621171	0.99375	0.00625	50	1
90	60.2638	10.7843	0.00753298	0.00619375	0	0.002875	50	6e-05
180	61.543	11.4342	0.00769288	0.00619645	0	0.003875	50	1e-05
270	61.7944	12.0236	0.00772429	0.00622888	0	0.002875	51	4e-05
360	62.7116	12.3232	0.00783895	0.00621938	0	0.003	51	2e-05
450	63.1775	12.1575	0.00789718	0.00620583	0	0.003	51	2e-05
540	63.3411	11.8983	0.00791764	0.00625421	0	0.003125	52	2e-05
630	64.3341	12.8352	0.00804176	0.00632924	0	0.003375	52	1e-05
720	65.8011	12.9457	0.00822514	0.00630771	0	0.00325	54	0.0002
810	64.1974	12.2185	0.00802468	0.00638516	0	0.004125	53	3e-05
900	66.6331	13.2435	0.00832914	0.00628224	0	0.00325	52	1e-05
990	65.2791	12.6788	0.00815989	0.00639524	0	0.002875	52	1e-05

Fri Jan 12 18:52:50 2018

N = 100000
u = 0.005, v = 1e-06
initialTE = 50
propAffectW = 1
a = 0.00051, b = 0.00039
chrom# = 16, ploidy# = haploid

GEN	n	Vn	x	Vx	empty	fixed	min#	minFreq
0	50	0	0.00625	0.00621171	0.99375	0.00625	50	1
90	60.1493	10.6886	0.00751866	0.00619425	0	0.00275	50	8e-05
180	61.0226	11.5668	0.00762782	0.00615908	0	0.003	50	2e-05
270	62.9987	12.4048	0.00787484	0.00613755	0	0.003	51	4e-05
360	63.4378	12.6072	0.00792973	0.00614094	0	0.002375	51	5e-05
450	61.7312	11.8616	0.0077164	0.00620309	0	0.003	50	2e-05
540	60.5602	11.3898	0.00757003	0.00609252	0	0.00275	49	1e-05
630	61.9066	12.3144	0.00773832	0.0060555	0	0.002625	50	5e-05
720	61.4486	12.1922	0.00768108	0.00609157	0	0.003375	50	2e-05
810	61.9608	12.4096	0.00774509	0.00605814	0	0.002625	50	1e-05
900	60.2992	11.5994	0.0075374	0.00617373	0	0.00325	49	2e-05
990	61.4314	11.7326	0.00767892	0.00606655	0	0.00375	49	2e-05

Fri Jan 12 19:29:31 2018

N = 100000
u = 0.005, v = 1e-06
initialTE = 50
propAffectW = 1
a = 0.00051, b = 0.00039
chrom# = 16, ploidy# = haploid

GEN	n	Vn	x	Vx	empty	fixed	min#	minFreq
0	50	0	0.006125	0.00608825	0.993875	0.006125	50	1
90	52.4569	10.1245	0.00655711	0.00533417	0.002125	0.003	43	0.0001
180	53.5288	12.3168	0.00669111	0.00533156	0	0.002875	43	4e-05
270	54.7818	11.7517	0.00684772	0.00533478	0	0.002625	43	1e-05
360	53.8651	11.8672	0.00673314	0.00537386	0	0.00275	44	0.00019
450	54.654	11.8021	0.00683176	0.00540087	0	0.00325	44	0.00012
540	54.3149	12.0576	0.00678936	0.00530582	0	0.003375	43	1e-05
630	55.7926	12.142	0.00697407	0.0052848	0	0.00275	44	1e-05
720	56.4538	12.5618	0.00705673	0.00528589	0	0.00325	44	2e-05
810	54.0803	10.765	0.00676004	0.00550867	0	0.00275	44	1e-05
900	55.8505	11.2056	0.00698132	0.00553099	0	0.003125	45	3e-05
990	57.5035	12.3117	0.00718794	0.0055281	0	0.002375	46	5e-05

Fri Jan 12 20:24:15 2018

N = 100000
u = 0.005, v = 1e-06
initialTE = 50
propAffectW = 1
a = 0.00051, b = 0.00039
chrom# = 16, ploidy# = haploid

GEN	n	Vn	x	Vx	empty	fixed	min#	minFreq
0	50	0	0.00625	0.00621171	0.99375	0.00625	50	1
90	60.1153	10.7748	0.00751442	0.00619466	0	0.003	50	1e-05
180	62.1514	12.8785	0.00776893	0.00620671	0	0.003375	50	3e-05
270	64.0055	12.6412	0.00800069	0.00622075	0	0.003375	50	1e-05
360	61.9923	12.1941	0.00774904	0.00624426	0	0.003375	50	1e-05
450	61.2924	12.1944	0.00766155	0.00627363	0	0.003375	51	7e-05
540	62.5607	12.0832	0.00782009	0.00627708	0	0.003875	50	1e-05
630	59.8108	10.9139	0.00747635	0.00620405	0	0.0035	50	6e-05
720	61.7538	11.9474	0.00771923	0.00620548	0	0.002375	50	1e-05
810	62.7251	12.4364	0.00784063	0.00622287	0	0.003125	51	3e-05
900	62.8218	12.1317	0.00785272	0.00623104	0	0.003625	50	1e-05
990	63.3958	12.4141	0.00792448	0.00623152	0	0.00375	52	4e-05
