
Thu Jan 11 14:05:40 2018

N = 100000
u = 0.0001, v = 1e-06
initialTE = 50
propAffectW = 1
a = 0.00051, b = 0.00039
chrom# = 16, ploidy# = haploid

GEN	n	Vn	x	Vx	empty	fixed	min#	minFreq
0	50	0	0.00625	0.00621171	0.99375	0.00625	50	1
90	50.2055	0.224514	0.00627568	0.00620881	0.705	0.003	48	1e-05
180	50.1721	0.328445	0.00627152	0.00619165	0.68825	0.001375	47	2e-05
270	49.8388	0.656715	0.00622985	0.0061106	0.69525	0.002	45	5e-05
360	48.0866	1.86994	0.00601083	0.00577015	0.706375	0.001625	43	2e-05
450	45.8889	1.45837	0.00573611	0.00546955	0.7165	0.0015	41	3e-05
540	43.9708	1.78063	0.00549635	0.00515613	0.719	0.000625	39	0.00016
630	41.7286	1.88023	0.00521608	0.00484049	0.727125	0.000625	37	0.00034
720	39.4723	1.84349	0.00493404	0.00456192	0.734375	0.001125	35	0.00035
810	37.4505	1.70398	0.00468131	0.00431047	0.745875	0.000875	32	3e-05
900	35.6941	1.68343	0.00446177	0.00406804	0.7475	0.000875	30	6e-05
990	33.819	1.95688	0.00422737	0.00379326	0.762375	0.001125	29	0.00023

Thu Jan 11 14:33:00 2018

N = 100000
u = 0.0001, v = 1e-06
initialTE = 50
propAffectW = 1
a = 0.00051, b = 0.00039
chrom# = 16, ploidy# = haploid

GEN	n	Vn	x	Vx	empty	fixed	min#	minFreq
0	50	0	0.00625	0.00621171	0.99375	0.00625	50	1
90	50.1985	0.217322	0.00627481	0.00620881	0.69925	0.002125	48	4e-05
180	50.1651	0.306685	0.00627064	0.00619283	0.690375	0.00175	48	0.0009
270	49.799	0.66067	0.00622487	0.00610062	0.688625	0.00125	46	0.0001
360	48.7292	1.24006	0.00609115	0.00585653	0.700375	0.001125	44	4e-05
450	46.7786	1.905	0.00584733	0.00548157	0.7195	0.00075	40	1e-05
540	43.7485	3.01421	0.00546856	0.00503349	0.7375	0.000875	38	0.00018
630	40.5022	1.63159	0.00506278	0.00476272	0.738	0.000625	35	2e-05
720	38.6666	1.83124	0.00483332	0.00450094	0.743375	0.00075	33	1e-05
810	36.5845	1.8723	0.00457307	0.00422556	0.748375	0.001	32	0.00024
900	34.6806	1.5871	0.00433508	0.00399866	0.76125	0.000875	30	0.0001
990	33.088	1.62178	0.004136	0.00378286	0.759375	0.0005	28	0.00019

Thu Jan 11 14:58:27 2018

N = 100000
u = 0.0001, v = 1e-06
initialTE = 50
propAffectW = 1
a = 0.00051, b = 0.00039
chrom# = 16, ploidy# = haploid

GEN	n	Vn	x	Vx	empty	fixed	min#	minFreq
0	50	0	0.00625	0.00621171	0.99375	0.00625	50	1
90	50.2034	0.234151	0.00627543	0.00620769	0.700125	0.00275	48	6e-05
180	50.1113	0.361956	0.00626391	0.00617947	0.6965	0.001375	47	6e-05
270	49.5452	0.855922	0.00619315	0.00604751	0.69675	0.001875	45	1e-05
360	48.0557	1.30744	0.00600697	0.00577623	0.697375	0.0015	44	0.0004
450	46.184	1.74223	0.005773	0.00543677	0.71375	0.001	40	1e-05
540	43.8294	1.99322	0.00547867	0.00503576	0.726125	0.001	39	0.00059
630	41.3027	2.24687	0.00516284	0.00466757	0.734	0.000875	35	2e-05
720	38.6043	2.2663	0.00482554	0.00433092	0.75025	0.000875	33	9e-05
810	36.2471	2.04724	0.00453089	0.00408909	0.741875	0.000375	30	1e-05
900	34.0565	2.06847	0.00425706	0.00387195	0.76575	0.0005	29	9e-05
990	32.1257	1.79776	0.00401571	0.00367354	0.764375	0.000625	27	4e-05

Thu Jan 11 15:31:49 2018

N = 100000
u = 0.0001, v = 1e-06
initialTE = 50
propAffectW = 1
a = 0.00051, b = 0.00039
chrom# = 16, ploidy# = haploid

GEN	n	Vn	x	Vx	empty	fixed	min#	minFreq
0	50	0	0.00625	0.00621171	0.99375	0.00625	50	1
90	50.1905	0.214444	0.00627382	0.00620842	0.704	0.0025	48	2e-05
180	50.1601	0.313304	0.00627001	0.00619241	0.683625	0.002375	48	0.00134
270	49.8681	0.592592	0.00623352	0.00611608	0.680375	0.001625	46	4e-05
360	48.9118	1.16135	0.00611398	0.0058988	0.696875	0.001	44	5e-05
450	46.9662	1.93186	0.00587077	0.00552021	0.71625	0.000875	42	0.00055
540	44.2873	2.15134	0.00553591	0.00513618	0.72425	0.001125	39	0.00021
630	41.518	2.19444	0.00518975	0.00480639	0.72375	0.00075	36	5e-05
720	39.2601	1.81924	0.00490751	0.0045624	0.740875	0.001	34	5e-05
810	37.2362	1.79788	0.00465452	0.0043217	0.74875	0.0005	32	3e-05
900	35.2356	1.74056	0.00440445	0.00411419	0.754375	0.000375	31	0.00035
990	33.688	1.38978	0.004211	0.00394394	0.766375	0.000625	29	0.00011

Thu Jan 11 16:38:20 2018

N = 100000
u = 0.0001, v = 1e-06
initialTE = 50
propAffectW = 1
a = 0.00051, b = 0.00039
chrom# = 16, ploidy# = haploid

GEN	n	Vn	x	Vx	empty	fixed	min#	minFreq
0	50	0	0.00625	0.00621171	0.99375	0.00625	50	1
90	50.1948	0.207479	0.00627435	0.00620972	0.699	0.00275	49	0.006
180	50.1895	0.275719	0.00627369	0.00620043	0.70175	0.001875	47	1e-05
270	49.9744	0.511162	0.00624681	0.00614283	0.68375	0.001125	46	4e-05
360	49.0497	1.16554	0.00613121	0.00593192	0.69725	0.00125	44	2e-05
450	47.0913	1.72167	0.00588641	0.00556159	0.71	0.00075	42	9e-05
540	44.6259	2.11004	0.00557823	0.00518385	0.714125	0.001	39	0.0001
630	41.9719	2.25486	0.00524649	0.00483909	0.72175	0.00125	36	3e-05
720	39.3734	2.18258	0.00492168	0.0045243	0.730875	0.00075	34	0.00013
810	37.0717	1.90329	0.00463396	0.00426985	0.75025	0.001	31	1e-05
900	35.1392	1.88808	0.00439241	0.00403083	0.757625	0.000625	29	1e-05
990	33.0911	2.08581	0.00413639	0.00378589	0.76275	0.0005	27	1e-05

Thu Jan 11 17:38:47 2018

N = 100000
u = 0.0001, v = 1e-06
initialTE = 50
propAffectW = 1
a = 0.00051, b = 0.00039
chrom# = 16, ploidy# = haploid

GEN	n	Vn	x	Vx	empty	fixed	min#	minFreq
0	50	0	0.006125	0.00608825	0.993875	0.006125	50	1
90	46.1797	0.201742	0.00577247	0.00571459	0.7225	0.002625	44	1e-05
180	46.171	0.295995	0.00577137	0.00570224	0.71125	0.00175	43	2e-05
270	45.84	0.687	0.00573	0.00562222	0.7065	0.00175	42	0.00088
360	44.1581	1.49508	0.00551976	0.00530796	0.7205	0.001375	40	9e-05
450	42.5874	1.2667	0.00532342	0.00509743	0.720625	0.001625	38	6e-05
540	41.0399	1.57904	0.00512998	0.0048449	0.728875	0.0005	35	1e-05
630	38.9724	1.98128	0.00487155	0.00454538	0.736625	0.001	34	0.00014
720	36.8402	1.56638	0.00460502	0.00430853	0.747	0.000375	32	2e-05
810	35.4572	1.23594	0.00443215	0.00415243	0.749625	0.000375	32	0.00167
900	34.1794	1.38518	0.00427243	0.00395808	0.75675	0.0005	29	3e-05
990	32.6809	1.56067	0.00408511	0.00372922	0.762375	0	28	7e-05

Thu Jan 11 18:14:30 2018

N = 100000
u = 0.0001, v = 1e-06
initialTE = 50
propAffectW = 1
a = 0.00051, b = 0.00039
chrom# = 16, ploidy# = haploid

GEN	n	Vn	x	Vx	empty	fixed	min#	minFreq
0	50	0	0.00625	0.00621171	0.99375	0.00625	50	1
90	50.1992	0.226868	0.0062749	0.00620839	0.697875	0.003	48	2e-05
180	50.1395	0.344269	0.00626744	0.00618597	0.6885	0.00175	48	0.00209
270	49.7556	0.629954	0.00621945	0.00609515	0.68875	0.001125	46	0.0001
360	48.6891	1.21356	0.00608614	0.00585146	0.705875	0.001	44	5e-05
450	46.7906	1.81417	0.00584882	0.00547768	0.703625	0.001375	42	0.00028
540	44.4404	2.08665	0.00555505	0.00509695	0.72	0.000875	39	0.00017
630	41.6647	2.50173	0.00520809	0.00470845	0.72975	0.001	35	1e-05
720	38.6967	2.33719	0.00483708	0.00434747	0.741875	0.001375	33	4e-05
810	36.2715	2.15878	0.00453394	0.00409439	0.7515	0.00075	30	1e-05
900	33.9973	2.14803	0.00424966	0.00386035	0.756	0.000875	28	1e-05
990	31.9077	1.97048	0.00398846	0.00363246	0.77125	0.001125	26	1e-05

Thu Jan 11 18:43:26 2018

N = 100000
u = 0.0001, v = 1e-06
initialTE = 50
propAffectW = 1
a = 0.00051, b = 0.00039
chrom# = 16, ploidy# = haploid

GEN	n	Vn	x	Vx	empty	fixed	min#	minFreq
0	50	0	0.006125	0.00608825	0.993875	0.006125	50	1
90	45.1756	0.208553	0.00564696	0.00558961	0.724	0.001375	43	4e-05
180	45.157	0.325088	0.00564463	0.00557235	0.71975	0.002125	42	3e-05
270	44.9036	0.566277	0.00561295	0.00550871	0.710375	0.0015	41	5e-05
360	43.997	1.16912	0.00549963	0.00530004	0.719625	0.001	39	6e-05
450	42.1024	1.94493	0.0052628	0.00493518	0.733625	0.000375	37	0.00026
540	39.7368	2.17766	0.0049671	0.00458906	0.735875	0.0005	33	1e-05
630	37.2941	1.96339	0.00466176	0.00430482	0.751	0.000625	32	6e-05
720	35.2688	1.89858	0.0044086	0.00408777	0.763125	0.001	30	7e-05
810	33.3515	1.92602	0.00416893	0.0038533	0.7635	0.00125	28	0.0001
900	31.3898	2.14062	0.00392373	0.00359497	0.761	0.001	25	1e-05
990	29.2654	2.3106	0.00365818	0.00335375	0.78625	0.000625	24	0.00038

Thu Jan 11 19:09:29 2018

N = 100000
u = 0.0001, v = 1e-06
initialTE = 50
propAffectW = 1
a = 0.00051, b = 0.00039
chrom# = 16, ploidy# = haploid

GEN	n	Vn	x	Vx	empty	fixed	min#	minFreq
0	50	0	0.00625	0.00621171	0.99375	0.00625	50	1
90	50.2039	0.223521	0.00627549	0.00620913	0.700375	0.002625	48	2e-05
180	50.1763	0.320674	0.00627204	0.00619354	0.68325	0.002375	48	0.00085
270	49.8884	0.556415	0.00623605	0.00612336	0.692375	0.002	47	0.00056
360	49.0235	1.10237	0.00612794	0.00592531	0.693625	0.0015	44	5e-05
450	46.6157	2.40891	0.00582696	0.00548039	0.721125	0.00125	40	1e-05
540	43.3612	1.99707	0.00542016	0.0050851	0.73275	0.001125	38	1e-05
630	41.0558	1.73697	0.00513197	0.00481987	0.740375	0.001125	36	1e-05
720	39.1444	1.6028	0.00489305	0.00457922	0.74	0.001	34	2e-05
810	37.4832	1.46729	0.0046854	0.00436696	0.7485	0.0005	33	7e-05
900	36.1074	1.36938	0.00451342	0.004212	0.75125	0.00075	32	0.00041
990	34.7284	1.41031	0.00434105	0.00404749	0.752375	0.000375	30	8e-05

Thu Jan 11 19:37:47 2018

N = 100000
u = 0.0001, v = 1e-06
initialTE = 50
propAffectW = 1
a = 0.00051, b = 0.00039
chrom# = 16, ploidy# = haploid

GEN	n	Vn	x	Vx	empty	fixed	min#	minFreq
0	50	0	0.00625	0.00621171	0.99375	0.00625	50	1
90	50.1956	0.204649	0.00627445	0.00621005	0.715125	0.003125	48	5e-05
180	50.1809	0.284945	0.00627261	0.00619844	0.693625	0.002375	48	0.00063
270	49.9866	0.478655	0.00624833	0.00614718	0.684375	0.001125	47	0.00033
360	49.1969	0.998154	0.00614961	0.00596319	0.693125	0.00075	45	0.00017
450	47.502	1.57765	0.00593775	0.00561554	0.70775	0.001	43	0.00016
540	45.4049	1.72638	0.00567562	0.00527514	0.714875	0.000625	40	1e-05
630	43.483	1.62791	0.00543537	0.00499298	0.7215	0.00025	39	0.00015
720	41.5951	1.76672	0.00519938	0.00471729	0.72725	0.001	37	0.00035
810	39.5899	1.81868	0.00494874	0.00442939	0.74475	0.000625	34	1e-05
900	37.5697	1.68174	0.00469621	0.00419155	0.7485	0.000625	33	0.00015
990	35.938	1.53067	0.00449225	0.00397372	0.7485	0.000375	31	7e-05
