
Mon Dec 11 21:16:29 2017

N = 100000
u = 1e-06, v = 1e-06
initialTE = 50
propAffectW = 1
a = 0.00051, b = 0.00039
chrom# = 2, ploidy# = 2

GEN	n	Vn	x	Vx	empty	fixed	min#	minFreq
0	50	0	0.0625	0.0274123	0.875	0.125	50	1
90	49.9861	0.0170372	0.0624826	0.0273954	0.805	0.0475	48	3e-05
180	49.8941	0.100738	0.0623676	0.0272941	0.8	0.0175	48	0.00102
270	49.5516	0.306418	0.0619395	0.0269248	0.8075	0.02	47	0.0035
360	48.6691	0.829623	0.0608364	0.0260624	0.815	0.0175	46	0.0002
450	47.2735	0.383837	0.0590919	0.025711	0.8075	0.0125	46	0.01661
540	46.9352	0.131654	0.058669	0.0258345	0.7975	0.0175	45	6e-05
630	46.6571	0.237945	0.0583214	0.0256064	0.8025	0.015	45	0.00226
720	46.1881	0.25128	0.0577352	0.0251621	0.7925	0.01	44	6e-05
810	45.767	0.27728	0.0572087	0.0247478	0.785	0.0075	44	0.00664
900	45.22	0.332315	0.056525	0.024243	0.8325	0.0075	43	0.00066
990	44.6654	0.374657	0.0558317	0.0238411	0.8075	0.01	43	0.02193

Mon Dec 11 22:02:18 2017

N = 100000
u = 1e-06, v = 1e-06
initialTE = 50
propAffectW = 1
a = 0.00051, b = 0.00039
chrom# = 2, ploidy# = 2

GEN	n	Vn	x	Vx	empty	fixed	min#	minFreq
0	50	0	0.0625	0.0286654	0.8775	0.1225	50	1
90	49.981	0.0238896	0.0624763	0.028643	0.8075	0.04	48	0.00126
180	49.7943	0.263928	0.0622428	0.0284399	0.8075	0.035	47	0.00027
270	48.7809	0.81326	0.0609761	0.0274777	0.8225	0.02	46	0.00172
360	47.7692	0.54331	0.0597116	0.0266205	0.815	0.0325	45	0.00034
450	46.6333	0.640578	0.0582916	0.0262211	0.82	0.0225	44	2e-05
540	46.0733	0.157911	0.0575917	0.026467	0.815	0.0175	45	0.03207
630	45.8391	0.175406	0.0572989	0.0263769	0.81	0.02	44	0.00246
720	45.4009	0.352643	0.0567511	0.0259395	0.8175	0.0125	43	0.00015
810	44.8101	0.378334	0.0560126	0.0254095	0.8275	0.0125	43	0.00237
900	44.2621	0.28705	0.0553277	0.0250448	0.8225	0.0125	42	7e-05
990	43.8769	0.237816	0.0548461	0.0248315	0.8275	0.0125	42	0.00096

Mon Dec 11 22:49:05 2017

N = 100000
u = 1e-06, v = 1e-06
initialTE = 50
propAffectW = 1
a = 0.00051, b = 0.00039
chrom# = 2, ploidy# = 2

GEN	n	Vn	x	Vx	empty	fixed	min#	minFreq
0	50	0	0.0625	0.0311717	0.8825	0.1175	50	1
90	49.9845	0.0181787	0.0624806	0.0311494	0.82	0.035	49	0.01698
180	49.9006	0.0938326	0.0623758	0.0310323	0.8275	0.03	48	0.00011
270	49.609	0.24509	0.0620112	0.0306579	0.81	0.0275	48	0.00194
360	49.1814	0.211103	0.0614767	0.030157	0.8025	0.0175	47	6e-05
450	48.8425	0.241942	0.0610532	0.0297851	0.8125	0.0175	46	1e-05
540	48.0324	0.618844	0.0600405	0.0291651	0.7975	0.01	46	0.00071
630	47.2096	0.256862	0.059012	0.0291813	0.82	0.0175	45	2e-05
720	46.8991	0.167001	0.0586239	0.0292981	0.8225	0.0225	45	0.00145
810	46.5457	0.275112	0.0581822	0.0289933	0.8075	0.015	45	0.00887
900	46.0657	0.251017	0.0575821	0.0283634	0.81	0.02	44	6e-05
990	45.6277	0.282408	0.0570346	0.0275043	0.7975	0.02	44	0.0028

Mon Dec 11 23:33:17 2017

N = 100000
u = 1e-06, v = 1e-06
initialTE = 50
propAffectW = 1
a = 0.00051, b = 0.00039
chrom# = 2, ploidy# = 2

GEN	n	Vn	x	Vx	empty	fixed	min#	minFreq
0	50	0	0.0625	0.0286654	0.8775	0.1225	50	1
90	49.9856	0.0164031	0.062482	0.0286483	0.8175	0.0325	48	4e-05
180	49.901	0.0941399	0.0623763	0.0285547	0.805	0.025	48	0.00018
270	49.5978	0.250464	0.0619972	0.0282297	0.8175	0.0275	47	0.00013
360	49.1305	0.28243	0.0614132	0.0277379	0.8125	0.0225	46	1e-05
450	48.302	0.79916	0.0603776	0.0269666	0.7775	0.01	46	0.00245
540	47.1582	0.347136	0.0589477	0.0268534	0.82	0.0225	45	0.00257
630	46.578	0.504455	0.0582225	0.0266754	0.81	0.0275	44	0.00113
720	45.4753	0.584758	0.0568442	0.0258833	0.8075	0.015	44	0.03207
810	44.8289	0.301674	0.0560361	0.0255302	0.8025	0.01	43	0.00146
900	44.344	0.298735	0.0554299	0.0251674	0.8125	0.01	42	0.00017
990	43.8884	0.291405	0.0548605	0.0248112	0.805	0.0125	42	0.00105

Tue Dec 12 00:17:57 2017

N = 100000
u = 1e-06, v = 1e-06
initialTE = 50
propAffectW = 1
a = 0.00051, b = 0.00039
chrom# = 2, ploidy# = 2

GEN	n	Vn	x	Vx	empty	fixed	min#	minFreq
0	50	0	0.0625	0.0274123	0.875	0.125	50	1
90	49.9944	0.0108285	0.062493	0.0274038	0.7975	0.0375	49	0.00824
180	49.9076	0.124631	0.0623845	0.0273073	0.785	0.0275	47	1e-05
270	49.1925	0.763424	0.0614907	0.0266407	0.7975	0.0175	47	0.00108
360	48.1706	0.269505	0.0602132	0.0262532	0.79	0.0225	46	2e-05
450	47.9082	0.134086	0.0598853	0.0262601	0.8025	0.015	46	0.00034
540	47.5585	0.272036	0.0594482	0.0259565	0.8225	0.015	46	0.00844
630	47.0754	0.261395	0.0588442	0.0255428	0.8	0.015	45	0.0002
720	46.6452	0.286009	0.0583065	0.025158	0.825	0.015	45	0.0032
810	46.2041	0.230862	0.0577551	0.0247819	0.8175	0.0125	44	0.00156
900	45.8364	0.309418	0.0572955	0.0244734	0.825	0.01	43	0.00036
990	44.9344	0.749567	0.056168	0.0239014	0.825	0.015	42	1e-05

Tue Dec 12 01:01:21 2017

N = 100000
u = 1e-06, v = 1e-06
initialTE = 50
propAffectW = 1
a = 0.00051, b = 0.00039
chrom# = 2, ploidy# = 2

GEN	n	Vn	x	Vx	empty	fixed	min#	minFreq
0	50	0	0.0625	0.0299185	0.88	0.12	50	1
90	49.989	0.0155081	0.0624862	0.0299038	0.8225	0.0475	48	0.00061
180	49.9217	0.0875637	0.0624021	0.0298281	0.795	0.04	48	0.00591
270	49.4811	0.491448	0.0618514	0.0293424	0.8075	0.02	47	0.00181
360	48.361	0.520101	0.0604512	0.0283398	0.8175	0.0275	46	3e-05
450	47.723	0.31505	0.0596538	0.0279537	0.8	0.02	46	0.00466
540	47.2041	0.26482	0.0590051	0.0276734	0.81	0.0175	45	0.00235
630	46.6493	0.47702	0.0583116	0.027284	0.82	0.025	44	1e-05
720	45.629	0.61183	0.0570362	0.0269843	0.8075	0.015	44	0.00917
810	45.0491	0.199936	0.0563114	0.0272075	0.8125	0.0125	43	0.00082
900	44.7371	0.276016	0.0559214	0.0271501	0.8125	0.0175	43	0.02467
990	44.0282	0.560398	0.0550353	0.0265375	0.8	0.02	42	0.00033

Tue Dec 12 01:44:01 2017

N = 100000
u = 1e-06, v = 1e-06
initialTE = 50
propAffectW = 1
a = 0.00051, b = 0.00039
chrom# = 2, ploidy# = 2

GEN	n	Vn	x	Vx	empty	fixed	min#	minFreq
0	50	0	0.0625	0.0274123	0.875	0.125	50	1
90	49.9857	0.0170557	0.0624821	0.0273949	0.8125	0.025	48	0.00018
180	49.8927	0.121997	0.0623659	0.0272931	0.8125	0.0225	47	6e-05
270	49.2361	0.715863	0.0615451	0.0266483	0.8025	0.0125	46	0.00023
360	47.8703	0.634402	0.0598379	0.0259786	0.79	0.01	46	0.02836
450	46.939	0.512555	0.0586738	0.025552	0.805	0.0175	45	0.00161
540	46.2596	0.264105	0.0578245	0.025175	0.805	0.0175	44	0.00013
630	45.9405	0.190077	0.0574256	0.0249705	0.82	0.02	44	0.00792
720	45.4111	0.50502	0.0567639	0.0245053	0.805	0.0175	43	0.00057
810	44.5044	0.451865	0.0556306	0.0241551	0.8025	0.01	43	0.00724
900	44.0691	0.184458	0.0550864	0.0242331	0.8125	0.02	42	1e-05
990	43.7685	0.228392	0.0547106	0.0241519	0.8075	0.0125	42	0.00119

Tue Dec 12 02:25:56 2017

N = 100000
u = 1e-06, v = 1e-06
initialTE = 50
propAffectW = 1
a = 0.00051, b = 0.00039
chrom# = 2, ploidy# = 2

GEN	n	Vn	x	Vx	empty	fixed	min#	minFreq
0	50	0	0.0625	0.0286654	0.8775	0.1225	50	1
90	49.9974	0.00931333	0.0624967	0.0286579	0.785	0.0575	49	0.00596
180	49.9612	0.043715	0.0624515	0.028609	0.8125	0.0475	48	1e-05
270	49.7451	0.197068	0.0621814	0.0283217	0.8	0.025	48	0.00187
360	49.299	0.281342	0.0616237	0.027763	0.8	0.015	47	1e-05
450	48.8459	0.25815	0.0610574	0.0272553	0.7875	0.01	47	0.0013
540	48.3287	0.299106	0.0604108	0.0267562	0.815	0.0125	47	0.0327
630	47.8103	0.333628	0.0597628	0.0261661	0.7875	0.01	46	0.02003
720	47.0321	0.519344	0.0587901	0.0253309	0.7975	0.01	44	1e-05
810	46.3395	0.285963	0.0579244	0.0249769	0.8075	0.0075	45	0.00147
900	46.0385	0.0882786	0.0575481	0.0249559	0.825	0.01	44	0.00015
990	45.8996	0.114601	0.0573745	0.0248681	0.815	0.0175	44	0.0011

Tue Dec 12 03:09:46 2017

N = 100000
u = 1e-06, v = 1e-06
initialTE = 50
propAffectW = 1
a = 0.00051, b = 0.00039
chrom# = 2, ploidy# = 2

GEN	n	Vn	x	Vx	empty	fixed	min#	minFreq
0	50	0	0.0625	0.0311717	0.8825	0.1175	50	1
90	49.9854	0.0172161	0.0624817	0.0311499	0.825	0.045	48	6e-05
180	49.8767	0.128378	0.0623459	0.0310135	0.8125	0.035	47	7e-05
270	49.2982	0.558598	0.0616227	0.030379	0.8075	0.0175	47	0.00104
360	48.303	0.420756	0.0603787	0.0297715	0.805	0.0225	46	4e-05
450	47.7652	0.278526	0.0597065	0.0297163	0.8125	0.0325	46	0.0024
540	47.2843	0.259352	0.0591054	0.0294618	0.7875	0.0225	45	0.00016
630	46.8941	0.249939	0.0586176	0.029268	0.81	0.025	45	0.01164
720	46.2094	0.537726	0.0577618	0.0288092	0.82	0.02	44	0.00098
810	45.3969	0.376266	0.0567461	0.0284545	0.83	0.0125	44	0.01538
900	44.9598	0.185004	0.0561997	0.0284942	0.8125	0.03	43	0.00138
990	44.5896	0.295749	0.055737	0.0281825	0.83	0.0225	43	0.01778

Tue Dec 12 03:52:34 2017

N = 100000
u = 1e-06, v = 1e-06
initialTE = 50
propAffectW = 1
a = 0.00051, b = 0.00039
chrom# = 2, ploidy# = 2

GEN	n	Vn	x	Vx	empty	fixed	min#	minFreq
0	50	0	0.0625	0.0274123	0.875	0.125	50	1
90	49.9863	0.0194817	0.0624828	0.0273936	0.7875	0.0425	49	0.0167
180	49.8946	0.0996724	0.0623683	0.0272954	0.8075	0.02	48	0.00129
270	49.4569	0.380884	0.0618211	0.0268247	0.82	0.01	47	7e-05
360	48.6614	0.448435	0.0608267	0.0260104	0.805	0.015	47	0.00194
450	48.1508	0.178628	0.0601885	0.0255519	0.8125	0.015	47	0.02005
540	47.9104	0.151173	0.059888	0.0253705	0.8025	0.0175	46	0.00102
630	47.5637	0.2851	0.0594547	0.0251285	0.79	0.0125	46	0.01454
720	47.0631	0.303821	0.0588289	0.0249248	0.795	0.0175	45	0.00077
810	46.5173	0.324623	0.0581467	0.0249441	0.7975	0.015	45	0.0126
900	46.0756	0.229295	0.0575945	0.0251689	0.8	0.01	44	0.00025
990	45.6838	0.282151	0.0571047	0.0250565	0.81	0.01	44	0.00468
