
Mon Jan  8 18:34:19 2018

N = 100000
u = 1e-06, v = 1e-06
initialTE = 50
propAffectW = 1
a = 0.00051, b = 0.00039
chrom# = 16, ploidy# = haploid

GEN	n	Vn	x	Vx	empty	fixed	min#	minFreq
0	50	0	0.00625	0.00621171	0.99375	0.00625	50	1
90	49.9909	0.0120369	0.00624886	0.00620908	0.990125	0.002375	48	5e-05
180	49.9157	0.0851577	0.00623946	0.00619043	0.989625	0.00175	47	3e-05
270	49.582	0.36622	0.00619775	0.00610951	0.99075	0.00125	46	4e-05
360	48.5083	1.0601	0.00606353	0.0058663	0.990375	0.001125	44	0.00014
450	46.318	1.76394	0.00578974	0.00547023	0.990875	0.001125	41	5e-05
540	43.5188	1.9437	0.00543986	0.00511595	0.990375	0.001	38	9e-05
630	40.3641	2.18802	0.00504552	0.00467816	0.990375	0.000875	34	1e-05
720	37.7767	1.8015	0.00472209	0.00438048	0.989875	0.000375	32	1e-05
810	35.6406	1.59117	0.00445507	0.00416009	0.991	0.0005	31	3e-05
900	33.9555	1.1963	0.00424444	0.00400539	0.992625	0.000625	30	7e-05
990	32.7411	0.874879	0.00409263	0.00386248	0.991625	0.000375	29	8e-05

Mon Jan  8 19:22:17 2018

N = 100000
u = 1e-06, v = 1e-06
initialTE = 50
propAffectW = 1
a = 0.00051, b = 0.00039
chrom# = 16, ploidy# = haploid

GEN	n	Vn	x	Vx	empty	fixed	min#	minFreq
0	50	0	0.00625	0.00621171	0.99375	0.00625	50	1
90	49.9856	0.0195225	0.0062482	0.00620747	0.990375	0.001625	48	4e-05
180	49.9127	0.0875266	0.00623909	0.00618956	0.99075	0.001625	47	2e-05
270	49.5537	0.415862	0.00619421	0.00610253	0.99175	0.001125	45	3e-05
360	47.628	1.91561	0.00595349	0.00570394	0.991125	0.001125	42	1e-05
450	44.931	1.31295	0.00561638	0.0053794	0.990875	0.0005	40	1e-05
540	43.0365	1.48007	0.00537956	0.00511601	0.991625	0.000625	37	1e-05
630	40.9754	1.54609	0.00512193	0.0048093	0.98975	0.001375	35	1e-05
720	38.5003	2.298	0.00481254	0.00444408	0.991	0.001	32	2e-05
810	35.5023	2.22076	0.00443779	0.00407	0.99125	0.001	30	6e-05
900	32.9933	2.08195	0.00412417	0.00376314	0.99175	0.0005	27	3e-05
990	30.9083	1.90148	0.00386354	0.00350162	0.992375	0.0005	26	0.0002

Mon Jan  8 20:10:10 2018

N = 100000
u = 1e-06, v = 1e-06
initialTE = 50
propAffectW = 1
a = 0.00051, b = 0.00039
chrom# = 16, ploidy# = haploid

GEN	n	Vn	x	Vx	empty	fixed	min#	minFreq
0	50	0	0.00625	0.00621171	0.99375	0.00625	50	1
90	49.9929	0.00927982	0.00624911	0.00620968	0.991125	0.002625	48	1e-05
180	49.948	0.0560455	0.0062435	0.0061986	0.991625	0.00225	47	6e-05
270	49.6443	0.36227	0.00620554	0.00612485	0.990875	0.002375	46	0.00029
360	48.2768	1.23062	0.0060346	0.00584582	0.990875	0.00125	44	0.00029
450	46.0804	1.39907	0.00576006	0.00551878	0.98975	0.001	41	1e-05
540	44.0485	1.39983	0.00550606	0.00524994	0.99075	0.000875	39	1e-05
630	42.0262	1.38374	0.00525327	0.00500098	0.992125	0.0015	37	1e-05
720	40.2211	1.20358	0.00502763	0.00478918	0.99225	0.00125	35	3e-05
810	38.68	1.1406	0.004835	0.00459822	0.991375	0.00125	34	6e-05
900	37.1077	1.2518	0.00463846	0.00437458	0.991	0.001125	32	1e-05
990	35.589	1.24488	0.00444862	0.00417577	0.991875	0.00125	31	2e-05

Mon Jan  8 20:58:39 2018

N = 100000
u = 1e-06, v = 1e-06
initialTE = 50
propAffectW = 1
a = 0.00051, b = 0.00039
chrom# = 16, ploidy# = haploid

GEN	n	Vn	x	Vx	empty	fixed	min#	minFreq
0	50	0	0.00625	0.00621171	0.99375	0.00625	50	1
90	49.9956	0.00747045	0.00624945	0.00621023	0.991	0.00275	49	0.00596
180	49.9502	0.0538965	0.00624377	0.00619873	0.989375	0.002	48	0.00075
270	49.7261	0.249312	0.00621576	0.00614411	0.99	0.00175	46	1e-05
360	48.8712	0.831459	0.0061089	0.005948	0.990125	0.0015	45	0.00036
450	47.0917	1.55241	0.00588647	0.00560176	0.9895	0.001	42	6e-05
540	44.692	1.71181	0.0055865	0.00524421	0.990375	0.00125	39	2e-05
630	42.0189	2.16126	0.00525236	0.00485134	0.990375	0.000875	36	6e-05
720	39.0791	2.04894	0.00488489	0.00449364	0.991	0.000625	34	8e-05
810	36.736	1.5627	0.004592	0.00425134	0.991625	0.000875	32	6e-05
900	34.9945	1.36494	0.00437431	0.0040157	0.9915	0.001	30	5e-05
990	33.2786	1.58068	0.00415982	0.00374529	0.991875	0.000875	28	3e-05

Mon Jan  8 21:48:25 2018

N = 100000
u = 1e-06, v = 1e-06
initialTE = 50
propAffectW = 1
a = 0.00051, b = 0.00039
chrom# = 16, ploidy# = haploid

GEN	n	Vn	x	Vx	empty	fixed	min#	minFreq
0	50	0	0.00625	0.00621171	0.99375	0.00625	50	1
90	49.9879	0.0139625	0.00624848	0.00620845	0.991625	0.002	48	2e-05
180	49.9296	0.0728446	0.0062412	0.00619367	0.989	0.002125	48	0.0013
270	49.5911	0.365359	0.00619889	0.00611118	0.989875	0.001125	46	2e-05
360	48.5015	0.947527	0.00606269	0.00586758	0.99075	0.001	44	6e-05
450	46.5864	1.53767	0.0058233	0.00548866	0.991	0.00075	41	9e-05
540	43.8938	2.01263	0.00548673	0.00501749	0.991625	0.00075	38	2e-05
630	41.1198	2.12487	0.00513997	0.00462784	0.991375	0.0005	35	1e-05
720	38.4624	1.90726	0.0048078	0.00433187	0.990875	0.000875	33	3e-05
810	36.3983	1.48572	0.00454979	0.00412389	0.991125	0.00075	32	0.00026
900	34.6289	1.53728	0.00432862	0.00390526	0.99125	0.00075	29	2e-05
990	32.7247	1.74654	0.00409059	0.00365817	0.991625	0.000125	27	3e-05

Mon Jan  8 22:36:01 2018

N = 100000
u = 1e-06, v = 1e-06
initialTE = 50
propAffectW = 1
a = 0.00051, b = 0.00039
chrom# = 16, ploidy# = haploid

GEN	n	Vn	x	Vx	empty	fixed	min#	minFreq
0	50	0	0.00625	0.00621171	0.99375	0.00625	50	1
90	49.9867	0.0155741	0.00624834	0.00620809	0.99125	0.0025	48	5e-05
180	49.9187	0.0809576	0.00623984	0.0061913	0.992125	0.00175	48	0.00203
270	49.5668	0.395558	0.00619585	0.00610557	0.99075	0.001375	46	0.00014
360	48.3028	1.13932	0.00603785	0.00583097	0.991	0.00075	43	1e-05
450	45.9013	1.93205	0.00573766	0.00540752	0.99075	0.0005	40	2e-05
540	42.8017	2.29738	0.00535021	0.00495	0.990125	0.00125	37	7e-05
630	39.8961	1.8227	0.00498701	0.00460929	0.992	0.001	35	0.0002
720	37.7057	1.89605	0.00471321	0.00433758	0.99125	0.000625	32	5e-05
810	35.1573	1.96577	0.00439466	0.00400153	0.990875	0.0005	29	1e-05
900	32.9875	1.66573	0.00412344	0.00376527	0.9925	0.000875	28	0.00012
990	31.1952	1.54737	0.0038994	0.00357674	0.992375	0.00025	26	6e-05

Mon Jan  8 23:24:14 2018

N = 100000
u = 1e-06, v = 1e-06
initialTE = 50
propAffectW = 1
a = 0.00051, b = 0.00039
chrom# = 16, ploidy# = haploid

GEN	n	Vn	x	Vx	empty	fixed	min#	minFreq
0	50	0	0.00625	0.00621171	0.99375	0.00625	50	1
90	49.9914	0.0109868	0.00624893	0.00620928	0.991125	0.00325	48	3e-05
180	49.9509	0.0530858	0.00624386	0.00619874	0.98825	0.002	47	1e-05
270	49.6973	0.290171	0.00621216	0.00613746	0.990375	0.001375	46	2e-05
360	48.6704	0.9687	0.0060838	0.00590489	0.991	0.001125	44	3e-05
450	46.526	1.5731	0.00581574	0.0054957	0.990375	0.000875	41	2e-05
540	44.245	1.64542	0.00553062	0.005148	0.992125	0.0015	40	0.0009
630	41.9546	1.71333	0.00524433	0.00485014	0.99075	0.001	37	0.00023
720	39.7154	1.74922	0.00496442	0.00456147	0.990875	0.000375	35	0.00035
810	37.4806	1.76458	0.00468507	0.00425059	0.99025	0.000625	32	3e-05
900	35.4443	1.53159	0.00443054	0.00402048	0.99075	0.0005	31	0.00024
990	33.7947	1.38599	0.00422434	0.00384267	0.992	0.000125	29	3e-05

Tue Jan  9 00:13:21 2018

N = 100000
u = 1e-06, v = 1e-06
initialTE = 50
propAffectW = 1
a = 0.00051, b = 0.00039
chrom# = 16, ploidy# = haploid

GEN	n	Vn	x	Vx	empty	fixed	min#	minFreq
0	50	0	0.00625	0.00621171	0.99375	0.00625	50	1
90	49.9904	0.015248	0.0062488	0.00620862	0.9905	0.002625	48	5e-05
180	49.9254	0.0772301	0.00624068	0.0061927	0.991125	0.001625	47	1e-05
270	49.6574	0.303695	0.00620717	0.0061272	0.990875	0.0015	46	2e-05
360	48.66	0.892585	0.00608249	0.00589423	0.990125	0.000875	44	1e-05
450	46.8856	1.53326	0.00586069	0.00552213	0.98925	0.000625	41	1e-05
540	43.7556	2.60202	0.00546945	0.00497335	0.9915	0.000625	38	0.00015
630	40.6591	1.9574	0.00508239	0.00454959	0.990625	0.000125	35	2e-05
720	38.3108	1.77677	0.00478885	0.00424158	0.991125	0.00075	33	8e-05
810	36.0248	1.92986	0.00450311	0.00395225	0.991	0.000375	31	0.00019
900	33.8104	1.77241	0.0042263	0.00369972	0.99	0.0005	28	7e-05
990	31.7015	2.00429	0.00396269	0.00343137	0.9925	0.000625	26	3e-05

Tue Jan  9 01:00:45 2018

N = 100000
u = 1e-06, v = 1e-06
initialTE = 50
propAffectW = 1
a = 0.00051, b = 0.00039
chrom# = 16, ploidy# = haploid

GEN	n	Vn	x	Vx	empty	fixed	min#	minFreq
0	50	0	0.00625	0.00621171	0.99375	0.00625	50	1
90	49.9933	0.0112555	0.00624917	0.00620948	0.99	0.003375	49	0.00899
180	49.9244	0.0816515	0.00624056	0.00619194	0.98925	0.002625	47	2e-05
270	49.5623	0.404302	0.00619529	0.00610561	0.99125	0.001625	46	0.00036
360	48.1395	1.22681	0.00601744	0.0057998	0.99125	0.00125	43	1e-05
450	46.0927	1.55756	0.00576158	0.00544658	0.99025	0.00125	41	0.00029
540	43.3103	2.27504	0.00541379	0.00499754	0.990625	0.00075	38	0.00018
630	40.36	1.78082	0.005045	0.00466207	0.99125	0.001125	34	1e-05
720	38.1437	1.93454	0.00476796	0.00439467	0.99125	0.000625	31	2e-05
810	35.412	2.06717	0.00442649	0.00406507	0.99125	0.001	30	6e-05
900	33.2452	1.68755	0.00415564	0.00386516	0.9915	0.000875	29	0.00024
990	31.5626	1.36411	0.00394533	0.0037323	0.99125	0.001	27	1e-05

Tue Jan  9 01:49:12 2018

N = 100000
u = 1e-06, v = 1e-06
initialTE = 50
propAffectW = 1
a = 0.00051, b = 0.00039
chrom# = 16, ploidy# = haploid

GEN	n	Vn	x	Vx	empty	fixed	min#	minFreq
0	50	0	0.00625	0.00621171	0.99375	0.00625	50	1
90	49.9884	0.0156958	0.00624855	0.00620832	0.990625	0.002	48	5e-05
180	49.919	0.0825198	0.00623987	0.00619104	0.98925	0.002	48	0.00168
270	49.5945	0.352773	0.00619931	0.00611257	0.99025	0.001125	46	5e-05
360	48.5685	0.967575	0.00607106	0.00588071	0.989625	0.000875	44	0.00011
450	46.3161	1.99372	0.00578951	0.00546864	0.991	0.001	41	5e-05
540	43.5588	1.56667	0.00544486	0.00514133	0.99125	0.000875	38	1e-05
630	41.396	1.6207	0.0051745	0.00485993	0.990625	0.00075	36	8e-05
720	38.8293	1.87701	0.00485366	0.0045233	0.99	0.000875	34	0.00025
810	36.6776	1.46373	0.00458469	0.0042884	0.990875	0.001	32	3e-05
900	35.0059	1.36187	0.00437574	0.00408486	0.9915	0.0005	30	1e-05
990	33.4453	1.29859	0.00418067	0.00390997	0.9915	0.000625	29	0.00012
